  0.0000  518.96530290
  0.0010  518.86798206
  0.0020  518.57607579
  0.0030  518.08975273
  0.0040  517.40929384
  0.0050  516.53509222
  0.0060  515.46765282
  0.0070  514.20759211
  0.0080  512.75563769
  0.0090  511.11262781
  0.0100  509.27951079
  0.0110  507.25734439
  0.0120  505.04729515
  0.0130  502.65063758
  0.0140  500.06875331
  0.0150  497.30313020
  0.0160  494.35536137
  0.0170  491.22714408
  0.0180  487.92027867
  0.0190  484.43666735
  0.0200  480.77831294
  0.0210  476.94731752
  0.0220  472.94588111
  0.0230  468.77630012
  0.0240  464.44096594
  0.0250  459.94236326
  0.0260  455.28306852
  0.0270  450.46574813
  0.0280  445.49315679
  0.0290  440.36813561
  0.0300  435.09361029
  0.0310  429.67258915
  0.0320  424.10816119
  0.0330  418.40349404
  0.0340  412.56183189
  0.0350  406.58649333
  0.0360  400.48086923
  0.0370  394.24842048
  0.0380  387.89267571
  0.0390  381.41722901
  0.0400  374.82573759
  0.0410  368.12191935
  0.0420  361.30955050
  0.0430  354.39246304
  0.0440  347.37454234
  0.0450  340.25972454
  0.0460  333.05199405
  0.0470  325.75538091
  0.0480  318.37395823
  0.0490  310.91183952
  0.0500  303.37317603
  0.0510  295.76215410
  0.0520  288.08299241
  0.0530  280.33993932
  0.0540  272.53727012
  0.0550  264.67928425
  0.0560  256.77030263
  0.0570  248.81466483
  0.0580  240.81672634
  0.0590  232.78085582
  0.0600  224.71143228
  0.0610  216.61284240
  0.0620  208.48947772
  0.0630  200.34573192
  0.0640  192.18599809
  0.0650  184.01466604
  0.0660  175.83611965
  0.0670  167.65473418
  0.0680  159.47487376
  0.0690  151.30088882
  0.0700  143.13711369
  0.0710  134.98786432
  0.0720  126.85743608
  0.0730  118.75010194
  0.0740  110.67011084
  0.0750  102.62168671
  0.0760  94.60902817
  0.0770  86.63630953
  0.0780  78.70768395
  0.0790  70.82729009
  0.0800  62.99926560
  0.0810  55.22777334
  0.0820  47.51705485
  0.0830  39.87154597
  0.0840  32.29615409
  0.0850  24.79703076
  0.0860  17.38428945
  0.0870  10.08638810
  0.0880  3.16395482
  0.0890  4.83985556
  0.0900  11.75597198
  0.0910  18.71968741
  0.0920  25.61327694
  0.0930  32.41700831
  0.0940  39.12289317
  0.0950  45.72592326
  0.0960  52.22217372
  0.0970  58.60822289
  0.0980  64.88093393
  0.0990  71.03736036
  0.1000  77.07470103
  0.1010  82.99027712
  0.1020  88.78151980
  0.1030  94.44596349
  0.1040  99.98124205
  0.1050  105.38508689
  0.1060  110.65532587
  0.1070  115.78988302
  0.1080  120.78677847
  0.1090  125.64412868
  0.1100  130.36014683
  0.1110  134.93314317
  0.1120  139.36152548
  0.1130  143.64379952
  0.1140  147.77856944
  0.1150  151.76453814
  0.1160  155.60050766
  0.1170  159.28537943
  0.1180  162.81815455
  0.1190  166.19793394
  0.1200  169.42391848
  0.1210  172.49540909
  0.1220  175.41180668
  0.1230  178.17261214
  0.1240  180.77742620
  0.1250  183.22594921
  0.1260  185.51798088
  0.1270  187.65342000
  0.1280  189.63226401
  0.1290  191.45460856
  0.1300  193.12064697
  0.1310  194.63066969
  0.1320  195.98506359
  0.1330  197.18431132
  0.1340  198.22899047
  0.1350  199.11977276
  0.1360  199.85742315
  0.1370  200.44279889
  0.1380  200.87684846
  0.1390  201.16061053
  0.1400  201.29521282
  0.1410  201.28187089
  0.1420  201.12188692
  0.1430  200.81664837
  0.1440  200.36762668
  0.1450  199.77637578
  0.1460  199.04453073
  0.1470  198.17380612
  0.1480  197.16599455
  0.1490  196.02296506
  0.1500  194.74666139
  0.1510  193.33910037
  0.1520  191.80237012
  0.1530  190.13862831
  0.1540  188.35010030
  0.1550  186.43907730
  0.1560  184.40791447
  0.1570  182.25902898
  0.1580  179.99489803
  0.1590  177.61805687
  0.1600  175.13109673
  0.1610  172.53666282
  0.1620  169.83745215
  0.1630  167.03621150
  0.1640  164.13573521
  0.1650  161.13886304
  0.1660  158.04847801
  0.1670  154.86750414
  0.1680  151.59890426
  0.1690  148.24567777
  0.1700  144.81085836
  0.1710  141.29751177
  0.1720  137.70873348
  0.1730  134.04764648
  0.1740  130.31739889
  0.1750  126.52116173
  0.1760  122.66212659
  0.1770  118.74350331
  0.1780  114.76851770
  0.1790  110.74040920
  0.1800  106.66242863
  0.1810  102.53783583
  0.1820  98.36989744
  0.1830  94.16188458
  0.1840  89.91707058
  0.1850  85.63872876
  0.1860  81.33013021
  0.1870  76.99454154
  0.1880  72.63522275
  0.1890  68.25542505
  0.1900  63.85838881
  0.1910  59.44734152
  0.1920  55.02549585
  0.1930  50.59604786
  0.1940  46.16217538
  0.1950  41.72703684
  0.1960  37.29377056
  0.1970  32.86549532
  0.1980  28.44531326
  0.1990  24.03631811
  0.2000  19.64161691
  0.2010  15.26439210
  0.2020  10.90811524
  0.2030  6.57760602
  0.2040  2.29199949
  0.2050  2.06759715
  0.2060  6.28977524
  0.2070  10.50025686
  0.2080  14.67706143
  0.2090  18.81546742
  0.2100  22.91231869
  0.2110  26.96485558
  0.2120  30.97048493
  0.2130  34.92671377
  0.2140  38.83112590
  0.2150  42.68137253
  0.2160  46.47516849
  0.2170  50.21029077
  0.2180  53.88457823
  0.2190  57.49593180
  0.2200  61.04231504
  0.2210  64.52175475
  0.2220  67.93234174
  0.2230  71.27223149
  0.2240  74.53964494
  0.2250  77.73286916
  0.2260  80.85025804
  0.2270  83.89023288
  0.2280  86.85128302
  0.2290  89.73196635
  0.2300  92.53090979
  0.2310  95.24680975
  0.2320  97.87843250
  0.2330  100.42461451
  0.2340  102.88426271
  0.2350  105.25635475
  0.2360  107.53993915
  0.2370  109.73413541
  0.2380  111.83813411
  0.2390  113.85119690
  0.2400  115.77265646
  0.2410  117.60191645
  0.2420  119.33845129
  0.2430  120.98180605
  0.2440  122.53159616
  0.2450  123.98750710
  0.2460  125.34929410
  0.2470  126.61678171
  0.2480  127.78986338
  0.2490  128.86850095
  0.2500  129.85272410
  0.2510  130.74262981
  0.2520  131.53838167
  0.2530  132.24020926
  0.2540  132.84840737
  0.2550  133.36333528
  0.2560  133.78541595
  0.2570  134.11513514
  0.2580  134.35304053
  0.2590  134.49974083
  0.2600  134.55590477
  0.2610  134.52226008
  0.2620  134.39959251
  0.2630  134.18874470
  0.2640  133.89061509
  0.2650  133.50615675
  0.2660  133.03637625
  0.2670  132.48233242
  0.2680  131.84513509
  0.2690  131.12594389
  0.2700  130.32596687
  0.2710  129.44645928
  0.2720  128.48872212
  0.2730  127.45410088
  0.2740  126.34398404
  0.2750  125.15980175
  0.2760  123.90302435
  0.2770  122.57516095
  0.2780  121.17775793
  0.2790  119.71239748
  0.2800  118.18069612
  0.2810  116.58430314
  0.2820  114.92489915
  0.2830  113.20419448
  0.2840  111.42392768
  0.2850  109.58586399
  0.2860  107.69179372
  0.2870  105.74353078
  0.2880  103.74291103
  0.2890  101.69179081
  0.2900  99.59204529
  0.2910  97.44556696
  0.2920  95.25426407
  0.2930  93.02005906
  0.2940  90.74488702
  0.2950  88.43069415
  0.2960  86.07943622
  0.2970  83.69307709
  0.2980  81.27358714
  0.2990  78.82294187
  0.3000  76.34312036
  0.3010  73.83610386
  0.3020  71.30387438
  0.3030  68.74841328
  0.3040  66.17169998
  0.3050  63.57571058
  0.3060  60.96241672
  0.3070  58.33378433
  0.3080  55.69177258
  0.3090  53.03833293
  0.3100  50.37540828
  0.3110  47.70493239
  0.3120  45.02882950
  0.3130  42.34901440
  0.3140  39.66739300
  0.3150  36.98586373
  0.3160  34.30632019
  0.3170  31.63065562
  0.3180  28.96077061
  0.3190  26.29858586
  0.3200  23.64606421
  0.3210  21.00524951
  0.3220  18.37833876
  0.3230  15.76782507
  0.3240  13.17680586
  0.3250  10.60972874
  0.3260  8.07451231
  0.3270  5.59021897
  0.3280  3.22851523
  0.3290  1.54482566
  0.3300  2.60458956
  0.3310  4.82018772
  0.3320  7.16467742
  0.3330  9.52114803
  0.3340  11.86364392
  0.3350  14.18267077
  0.3360  16.47348594
  0.3370  18.73314299
  0.3380  20.95950982
  0.3390  23.15087840
  0.3400  25.30578859
  0.3410  27.42294072
  0.3420  29.50114890
  0.3430  31.53931456
  0.3440  33.53641071
  0.3450  35.49147226
  0.3460  37.40358978
  0.3470  39.27190542
  0.3480  41.09561015
  0.3490  42.87394181
  0.3500  44.60618378
  0.3510  46.29166392
  0.3520  47.92975388
  0.3530  49.51986841
  0.3540  51.06146495
  0.3550  52.55404314
  0.3560  53.99714450
  0.3570  55.39035204
  0.3580  56.73328992
  0.3590  58.02562313
  0.3600  59.26705716
  0.3610  60.45733758
  0.3620  61.59624978
  0.3630  62.68361850
  0.3640  63.71930747
  0.3650  64.70321901
  0.3660  65.63529355
  0.3670  66.51550921
  0.3680  67.34388132
  0.3690  68.12046190
  0.3700  68.84533916
  0.3710  69.51863696
  0.3720  70.14051425
  0.3730  70.71116450
  0.3740  71.23081508
  0.3750  71.69972668
  0.3760  72.11819262
  0.3770  72.48653828
  0.3780  72.80512036
  0.3790  73.07432624
  0.3800  73.29457326
  0.3810  73.46630802
  0.3820  73.59000564
  0.3830  73.66616904
  0.3840  73.69532816
  0.3850  73.67803923
  0.3860  73.61488397
  0.3870  73.50646881
  0.3880  73.35342412
  0.3890  73.15640336
  0.3900  72.91608234
  0.3910  72.63315833
  0.3920  72.30834930
  0.3930  71.94239307
  0.3940  71.53604646
  0.3950  71.09008449
  0.3960  70.60529953
  0.3970  70.08250045
  0.3980  69.52251181
  0.3990  68.92617298
  0.4000  68.29433733
  0.4010  67.62787140
  0.4020  66.92765402
  0.4030  66.19457553
  0.4040  65.42953693
  0.4050  64.63344903
  0.4060  63.80723168
  0.4070  62.95181290
  0.4080  62.06812813
  0.4090  61.15711938
  0.4100  60.21973448
  0.4110  59.25692626
  0.4120  58.26965181
  0.4130  57.25887168
  0.4140  56.22554919
  0.4150  55.17064961
  0.4160  54.09513950
  0.4170  52.99998597
  0.4180  51.88615599
  0.4190  50.75461570
  0.4200  49.60632975
  0.4210  48.44226066
  0.4220  47.26336820
  0.4230  46.07060876
  0.4240  44.86493480
  0.4250  43.64729428
  0.4260  42.41863013
  0.4270  41.17987975
  0.4280  39.93197459
  0.4290  38.67583968
  0.4300  37.41239327
  0.4310  36.14254654
  0.4320  34.86720331
  0.4330  33.58725988
  0.4340  32.30360492
  0.4350  31.01711951
  0.4360  29.72867731
  0.4370  28.43914488
  0.4380  27.14938226
  0.4390  25.86024383
  0.4400  24.57257956
  0.4410  23.28723685
  0.4420  22.00506297
  0.4430  20.72690866
  0.4440  19.45363307
  0.4450  18.18611082
  0.4460  16.92524221
  0.4470  15.67196808
  0.4480  14.42729210
  0.4490  13.19231489
  0.4500  11.96828791
  0.4510  10.75670178
  0.4520  9.55943668
  0.4530  8.37903211
  0.4540  7.21919938
  0.4550  6.08586669
  0.4560  4.98949588
  0.4570  3.95073008
  0.4580  3.01540904
  0.4590  2.29341842
  0.4600  2.00433553
  0.4610  2.29566879
  0.4620  2.98658364
  0.4630  3.85554657
  0.4640  4.79620808
  0.4650  5.76451935
  0.4660  6.74067400
  0.4670  7.71469402
  0.4680  8.68101204
  0.4690  9.63624185
  0.4700  10.57816897
  0.4710  11.50525391
  0.4720  12.41636979
  0.4730  13.31065554
  0.4740  14.18742942
  0.4750  15.04613597
  0.4760  15.88631220
  0.4770  16.70756534
  0.4780  17.50955782
  0.4790  18.29199679
  0.4800  19.05462671
  0.4810  19.79722391
  0.4820  20.51959262
  0.4830  21.22156193
  0.4840  21.90298338
  0.4850  22.56372922
  0.4860  23.20369083
  0.4870  23.82277757
  0.4880  24.42091575
  0.4890  24.99804776
  0.4900  25.55413137
  0.4910  26.08913904
  0.4920  26.60305737
  0.4930  27.09588657
  0.4940  27.56763998
  0.4950  28.01834361
  0.4960  28.44803574
  0.4970  28.85676652
  0.4980  29.24459760
  0.4990  29.61160175
  0.5000  29.95786252
  0.5010  30.28347392
  0.5020  30.58854004
  0.5030  30.87317479
  0.5040  31.13750154
  0.5050  31.38165283
  0.5060  31.60577008
  0.5070  31.81000324
  0.5080  31.99451056
  0.5090  32.15945827
  0.5100  32.30502029
  0.5110  32.43137798
  0.5120  32.53871980
  0.5130  32.62724114
  0.5140  32.69714396
  0.5150  32.74863658
  0.5160  32.78193339
  0.5170  32.79725462
  0.5180  32.79482609
  0.5190  32.77487895
  0.5200  32.73764944
  0.5210  32.68337867
  0.5220  32.61231238
  0.5230  32.52470070
  0.5240  32.42079795
  0.5250  32.30086242
  0.5260  32.16515614
  0.5270  32.01394469
  0.5280  31.84749698
  0.5290  31.66608508
  0.5300  31.46998400
  0.5310  31.25947154
  0.5320  31.03482803
  0.5330  30.79633627
  0.5340  30.54428124
  0.5350  30.27895001
  0.5360  30.00063156
  0.5370  29.70961659
  0.5380  29.40619741
  0.5390  29.09066779
  0.5400  28.76332277
  0.5410  28.42445859
  0.5420  28.07437250
  0.5430  27.71336267
  0.5440  27.34172804
  0.5450  26.95976822
  0.5460  26.56778336
  0.5470  26.16607406
  0.5480  25.75494124
  0.5490  25.33468606
  0.5500  24.90560982
  0.5510  24.46801385
  0.5520  24.02219942
  0.5530  23.56846771
  0.5540  23.10711964
  0.5550  22.63845588
  0.5560  22.16277670
  0.5570  21.68038197
  0.5580  21.19157105
  0.5590  20.69664274
  0.5600  20.19589524
  0.5610  19.68962608
  0.5620  19.17813205
  0.5630  18.66170921
  0.5640  18.14065282
  0.5650  17.61525730
  0.5660  17.08581622
  0.5670  16.55262227
  0.5680  16.01596726
  0.5690  15.47614211
  0.5700  14.93343685
  0.5710  14.38814068
  0.5720  13.84054198
  0.5730  13.29092838
  0.5740  12.73958689
  0.5750  12.18680399
  0.5760  11.63286585
  0.5770  11.07805857
  0.5780  10.52266853
  0.5790  9.96698287
  0.5800  9.41129012
  0.5810  8.85588118
  0.5820  8.30105050
  0.5830  7.74709801
  0.5840  7.19433171
  0.5850  6.64307172
  0.5860  6.09365627
  0.5870  5.54645136
  0.5880  5.00186639
  0.5890  4.46038079
  0.5900  3.92259207
  0.5910  3.38930739
  0.5920  2.86173315
  0.5930  2.34190792
  0.5940  1.83382789
  0.5950  1.34692164
  0.5960  0.90935189
  0.5970  0.62350420
  0.5980  0.69749533
  0.5990  1.05171361
  0.6000  1.49422686
  0.6010  1.96232546
  0.6020  2.43798649
  0.6030  2.91459224
  0.6040  3.38913578
  0.6050  3.86000734
  0.6060  4.32622469
  0.6070  4.78712098
  0.6080  5.24220238
  0.6090  5.69107697
  0.6100  6.13341670
  0.6110  6.56893571
  0.6120  6.99737743
  0.6130  7.41850662
  0.6140  7.83210418
  0.6150  8.23796386
  0.6160  8.63588992
  0.6170  9.02569563
  0.6180  9.40720213
  0.6190  9.78023771
  0.6200  10.14463725
  0.6210  10.50024184
  0.6220  10.84689853
  0.6230  11.18446010
  0.6240  11.51278500
  0.6250  11.83173721
  0.6260  12.14118623
  0.6270  12.44100704
  0.6280  12.73108012
  0.6290  13.01129144
  0.6300  13.28153250
  0.6310  13.54170039
  0.6320  13.79169777
  0.6330  14.03143297
  0.6340  14.26082002
  0.6350  14.47977871
  0.6360  14.68823464
  0.6370  14.88611927
  0.6380  15.07336998
  0.6390  15.24993014
  0.6400  15.41574913
  0.6410  15.57078243
  0.6420  15.71499166
  0.6430  15.84834460
  0.6440  15.97081530
  0.6450  16.08238405
  0.6460  16.18303750
  0.6470  16.27276863
  0.6480  16.35157683
  0.6490  16.41946794
  0.6500  16.47645424
  0.6510  16.52255449
  0.6520  16.55779400
  0.6530  16.58220457
  0.6540  16.59582458
  0.6550  16.59869894
  0.6560  16.59087915
  0.6570  16.57242325
  0.6580  16.54339587
  0.6590  16.50386819
  0.6600  16.45391793
  0.6610  16.39362934
  0.6620  16.32309321
  0.6630  16.24240679
  0.6640  16.15167379
  0.6650  16.05100438
  0.6660  15.94051506
  0.6670  15.82032871
  0.6680  15.69057451
  0.6690  15.55138785
  0.6700  15.40291033
  0.6710  15.24528966
  0.6720  15.07867961
  0.6730  14.90323996
  0.6740  14.71913636
  0.6750  14.52654033
  0.6760  14.32562913
  0.6770  14.11658571
  0.6780  13.89959859
  0.6790  13.67486178
  0.6800  13.44257472
  0.6810  13.20294215
  0.6820  12.95617404
  0.6830  12.70248550
  0.6840  12.44209669
  0.6850  12.17523272
  0.6860  11.90212360
  0.6870  11.62300416
  0.6880  11.33811396
  0.6890  11.04769728
  0.6900  10.75200310
  0.6910  10.45128502
  0.6920  10.14580136
  0.6930  9.83581518
  0.6940  9.52159438
  0.6950  9.20341188
  0.6960  8.88154585
  0.6970  8.55628006
  0.6980  8.22790430
  0.6990  7.89671510
  0.7000  7.56301651
  0.7010  7.22712126
  0.7020  6.88935235
  0.7030  6.55004506
  0.7040  6.20954981
  0.7050  5.86823596
  0.7060  5.52649709
  0.7070  5.18475842
  0.7080  4.84348713
  0.7090  4.50320740
  0.7100  4.16452233
  0.7110  3.82814662
  0.7120  3.49495680
  0.7130  3.16606978
  0.7140  2.84296957
  0.7150  2.52771698
  0.7160  2.22330524
  0.7170  1.93427139
  0.7180  1.66773235
  0.7190  1.43498680
  0.7200  1.25324506
  0.7210  1.14482957
  0.7220  1.12853275
  0.7230  1.20550230
  0.7240  1.35748394
  0.7250  1.56038294
  0.7260  1.79483702
  0.7270  2.04800282
  0.7280  2.31183547
  0.7290  2.58127524
  0.7300  2.85304451
  0.7310  3.12493632
  0.7320  3.39540281
  0.7330  3.66331443
  0.7340  3.92781566
  0.7350  4.18823622
  0.7360  4.44403482
  0.7370  4.69476260
  0.7380  4.94003887
  0.7390  5.17953453
  0.7400  5.41296059
  0.7410  5.64006006
  0.7420  5.86060212
  0.7430  6.07437788
  0.7440  6.28119726
  0.7450  6.48088661
  0.7460  6.67328700
  0.7470  6.85825282
  0.7480  7.03565082
  0.7490  7.20535922
  0.7500  7.36726717
  0.7510  7.52127420
  0.7520  7.66728987
  0.7530  7.80523343
  0.7540  7.93503359
  0.7550  8.05662831
  0.7560  8.16996462
  0.7570  8.27499851
  0.7580  8.37169477
  0.7590  8.46002690
  0.7600  8.53997704
  0.7610  8.61153584
  0.7620  8.67470243
  0.7630  8.72948429
  0.7640  8.77589724
  0.7650  8.81396530
  0.7660  8.84372068
  0.7670  8.86520366
  0.7680  8.87846252
  0.7690  8.88355350
  0.7700  8.88054066
  0.7710  8.86949585
  0.7720  8.85049858
  0.7730  8.82363597
  0.7740  8.78900264
  0.7750  8.74670061
  0.7760  8.69683920
  0.7770  8.63953495
  0.7780  8.57491152
  0.7790  8.50309958
  0.7800  8.42423670
  0.7810  8.33846727
  0.7820  8.24594240
  0.7830  8.14681982
  0.7840  8.04126380
  0.7850  7.92944507
  0.7860  7.81154071
  0.7870  7.68773415
  0.7880  7.55821508
  0.7890  7.42317942
  0.7900  7.28282933
  0.7910  7.13737320
  0.7920  6.98702573
  0.7930  6.83200801
  0.7940  6.67254761
  0.7950  6.50887885
  0.7960  6.34124301
  0.7970  6.16988870
  0.7980  5.99507233
  0.7990  5.81705869
  0.8000  5.63612168
  0.8010  5.45254533
  0.8020  5.26662494
  0.8030  5.07866863
  0.8040  4.88899922
  0.8050  4.69795668
  0.8060  4.50590109
  0.8070  4.31321648
  0.8080  4.12031565
  0.8090  3.92764625
  0.8100  3.73569848
  0.8110  3.54501495
  0.8120  3.35620307
  0.8130  3.16995084
  0.8140  2.98704664
  0.8150  2.80840394
  0.8160  2.63509146
  0.8170  2.46836866
  0.8180  2.30972513
  0.8190  2.16091933
  0.8200  2.02400660
  0.8210  1.90133851
  0.8220  1.79550546
  0.8230  1.70918828
  0.8240  1.64489415
  0.8250  1.60459105
  0.8260  1.58932183
  0.8270  1.59893572
  0.8280  1.63206011
  0.8290  1.68633268
  0.8300  1.75879314
  0.8310  1.84628688
  0.8320  1.94577407
  0.8330  2.05451090
  0.8340  2.17012273
  0.8350  2.29060654
  0.8360  2.41429667
  0.8370  2.53981659
  0.8380  2.66602968
  0.8390  2.79199472
  0.8400  2.91692834
  0.8410  3.04017435
  0.8420  3.16117923
  0.8430  3.27947266
  0.8440  3.39465234
  0.8450  3.50637191
  0.8460  3.61433153
  0.8470  3.71827043
  0.8480  3.81796096
  0.8490  3.91320394
  0.8500  4.00382485
  0.8510  4.08967080
  0.8520  4.17060812
  0.8530  4.24652032
  0.8540  4.31730643
  0.8550  4.38287973
  0.8560  4.44316653
  0.8570  4.49810531
  0.8580  4.54764585
  0.8590  4.59174863
  0.8600  4.63038419
  0.8610  4.66353265
  0.8620  4.69118326
  0.8630  4.71333405
  0.8640  4.72999141
  0.8650  4.74116984
  0.8660  4.74689165
  0.8670  4.74718665
  0.8680  4.74209196
  0.8690  4.73165174
  0.8700  4.71591698
  0.8710  4.69494531
  0.8720  4.66880074
  0.8730  4.63755349
  0.8740  4.60127980
  0.8750  4.56006173
  0.8760  4.51398695
  0.8770  4.46314856
  0.8780  4.40764489
  0.8790  4.34757934
  0.8800  4.28306015
  0.8810  4.21420021
  0.8820  4.14111689
  0.8830  4.06393183
  0.8840  3.98277074
  0.8850  3.89776322
  0.8860  3.80904255
  0.8870  3.71674547
  0.8880  3.62101204
  0.8890  3.52198537
  0.8900  3.41981148
  0.8910  3.31463905
  0.8920  3.20661924
  0.8930  3.09590550
  0.8940  2.98265337
  0.8950  2.86702026
  0.8960  2.74916528
  0.8970  2.62924907
  0.8980  2.50743355
  0.8990  2.38388185
  0.9000  2.25875807
  0.9010  2.13222719
  0.9020  2.00445492
  0.9030  1.87560770
  0.9040  1.74585264
  0.9050  1.61535764
  0.9060  1.48429164
  0.9070  1.35282519
  0.9080  1.22113139
  0.9090  1.08938775
  0.9100  0.95777973
  0.9110  0.82650764
  0.9120  0.69580145
  0.9130  0.56595587
  0.9140  0.43742597
  0.9150  0.31115197
  0.9160  0.19011805
  0.9170  0.09272987
  0.9180  0.11535053
  0.9190  0.22194541
  0.9200  0.33960008
  0.9210  0.45854054
  0.9220  0.57679380
  0.9230  0.69365618
  0.9240  0.80876794
  0.9250  0.92189494
  0.9260  1.03285917
  0.9270  1.14151204
  0.9280  1.24772261
  0.9290  1.35137189
  0.9300  1.45234988
  0.9310  1.55055397
  0.9320  1.64588795
  0.9330  1.73826151
  0.9340  1.82758989
  0.9350  1.91379370
  0.9360  1.99679880
  0.9370  2.07653621
  0.9380  2.15294214
  0.9390  2.22595788
  0.9400  2.29552988
  0.9410  2.36160970
  0.9420  2.42415403
  0.9430  2.48312467
  0.9440  2.53848858
  0.9450  2.59021782
  0.9460  2.63828961
  0.9470  2.68268624
  0.9480  2.72339512
  0.9490  2.76040877
  0.9500  2.79372474
  0.9510  2.82334562
  0.9520  2.84927902
  0.9530  2.87153751
  0.9540  2.89013858
  0.9550  2.90510462
  0.9560  2.91646284
  0.9570  2.92424526
  0.9580  2.92848859
  0.9590  2.92923424
  0.9600  2.92652820
  0.9610  2.92042103
  0.9620  2.91096775
  0.9630  2.89822778
  0.9640  2.88226490
  0.9650  2.86314714
  0.9660  2.84094675
  0.9670  2.81574010
  0.9680  2.78760765
  0.9690  2.75663385
  0.9700  2.72290714
  0.9710  2.68651982
  0.9720  2.64756812
  0.9730  2.60615205
  0.9740  2.56237548
  0.9750  2.51634609
  0.9760  2.46817538
  0.9770  2.41797876
  0.9780  2.36587554
  0.9790  2.31198912
  0.9800  2.25644704
  0.9810  2.19938122
  0.9820  2.14092818
  0.9830  2.08122933
  0.9840  2.02043137
  0.9850  1.95868674
  0.9860  1.89615421
  0.9870  1.83299956
  0.9880  1.76939644
  0.9890  1.70552739
  0.9900  1.64158504
  0.9910  1.57777351
  0.9920  1.51431013
  0.9930  1.45142734
  0.9940  1.38937480
  0.9950  1.32842186
  0.9960  1.26885999
  0.9970  1.21100533
  0.9980  1.15520081
  0.9990  1.10181761
