  0.0000  5.85384325
  0.0010  5.87611117
  0.0020  5.94290511
  0.0030  6.05419565
  0.0040  6.20993383
  0.0050  6.41005122
  0.0060  6.65446002
  0.0070  6.94305318
  0.0080  7.27570450
  0.0090  7.65226870
  0.0100  8.07258154
  0.0110  8.53645991
  0.0120  9.04370186
  0.0130  9.59408672
  0.0140  10.18737518
  0.0150  10.82330936
  0.0160  11.50161291
  0.0170  12.22199114
  0.0180  12.98413110
  0.0190  13.78770174
  0.0200  14.63235403
  0.0210  15.51772108
  0.0220  16.44341835
  0.0230  17.40904377
  0.0240  18.41417793
  0.0250  19.45838425
  0.0260  20.54120917
  0.0270  21.66218237
  0.0280  22.82081692
  0.0290  24.01660956
  0.0300  25.24904085
  0.0310  26.51757547
  0.0320  27.82166238
  0.0330  29.16073509
  0.0340  30.53421193
  0.0350  31.94149626
  0.0360  33.38197675
  0.0370  34.85502765
  0.0380  36.36000906
  0.0390  37.89626719
  0.0400  39.46313466
  0.0410  41.05993080
  0.0420  42.68596191
  0.0430  44.34052159
  0.0440  46.02289103
  0.0450  47.73233936
  0.0460  49.46812388
  0.0470  51.22949048
  0.0480  53.01567390
  0.0490  54.82589809
  0.0500  56.65937654
  0.0510  58.51531261
  0.0520  60.39289988
  0.0530  62.29132252
  0.0540  64.20975558
  0.0550  66.14736544
  0.0560  68.10331007
  0.0570  70.07673946
  0.0580  72.06679596
  0.0590  74.07261465
  0.0600  76.09332374
  0.0610  78.12804489
  0.0620  80.17589363
  0.0630  82.23597973
  0.0640  84.30740758
  0.0650  86.38927658
  0.0660  88.48068150
  0.0670  90.58071292
  0.0680  92.68845755
  0.0690  94.80299870
  0.0700  96.92341661
  0.0710  99.04878885
  0.0720  101.17819077
  0.0730  103.31069580
  0.0740  105.44537594
  0.0750  107.58130211
  0.0760  109.71754452
  0.0770  111.85317313
  0.0780  113.98725799
  0.0790  116.11886966
  0.0800  118.24707960
  0.0810  120.37096059
  0.0820  122.48958705
  0.0830  124.60203551
  0.0840  126.70738497
  0.0850  128.80471729
  0.0860  130.89311755
  0.0870  132.97167451
  0.0880  135.03948090
  0.0890  137.09563387
  0.0900  139.13923536
  0.0910  141.16939243
  0.0920  143.18521770
  0.0930  145.18582969
  0.0940  147.17035316
  0.0950  149.13791954
  0.0960  151.08766723
  0.0970  153.01874201
  0.0980  154.93029734
  0.0990  156.82149477
  0.1000  158.69150424
  0.1010  160.53950447
  0.1020  162.36468324
  0.1030  164.16623777
  0.1040  165.94337505
  0.1050  167.69531213
  0.1060  169.42127649
  0.1070  171.12050631
  0.1080  172.79225080
  0.1090  174.43577052
  0.1100  176.05033766
  0.1110  177.63523634
  0.1120  179.18976291
  0.1130  180.71322620
  0.1140  182.20494785
  0.1150  183.66426254
  0.1160  185.09051827
  0.1170  186.48307662
  0.1180  187.84131301
  0.1190  189.16461692
  0.1200  190.45239217
  0.1210  191.70405711
  0.1220  192.91904490
  0.1230  194.09680366
  0.1240  195.23679677
  0.1250  196.33850298
  0.1260  197.40141669
  0.1270  198.42504811
  0.1280  199.40892344
  0.1290  200.35258504
  0.1300  201.25559164
  0.1310  202.11751845
  0.1320  202.93795736
  0.1330  203.71651707
  0.1340  204.45282320
  0.1350  205.14651850
  0.1360  205.79726289
  0.1370  206.40473362
  0.1380  206.96862540
  0.1390  207.48865045
  0.1400  207.96453862
  0.1410  208.39603749
  0.1420  208.78291241
  0.1430  209.12494663
  0.1440  209.42194128
  0.1450  209.67371551
  0.1460  209.88010647
  0.1470  210.04096939
  0.1480  210.15617759
  0.1490  210.22562250
  0.1500  210.24921368
  0.1510  210.22687885
  0.1520  210.15856385
  0.1530  210.04423264
  0.1540  209.88386730
  0.1550  209.67746801
  0.1560  209.42505296
  0.1570  209.12665840
  0.1580  208.78233851
  0.1590  208.39216539
  0.1600  207.95622898
  0.1610  207.47463699
  0.1620  206.94751482
  0.1630  206.37500549
  0.1640  205.75726950
  0.1650  205.09448480
  0.1660  204.38684660
  0.1670  203.63456733
  0.1680  202.83787646
  0.1690  201.99702039
  0.1700  201.11226233
  0.1710  200.18388211
  0.1720  199.21217609
  0.1730  198.19745695
  0.1740  197.14005354
  0.1750  196.04031072
  0.1760  194.89858917
  0.1770  193.71526520
  0.1780  192.49073059
  0.1790  191.22539236
  0.1800  189.91967257
  0.1810  188.57400812
  0.1820  187.18885054
  0.1830  185.76466576
  0.1840  184.30193389
  0.1850  182.80114896
  0.1860  181.26281874
  0.1870  179.68746444
  0.1880  178.07562048
  0.1890  176.42783427
  0.1900  174.74466588
  0.1910  173.02668787
  0.1920  171.27448493
  0.1930  169.48865368
  0.1940  167.66980235
  0.1950  165.81855052
  0.1960  163.93552882
  0.1970  162.02137867
  0.1980  160.07675195
  0.1990  158.10231074
  0.2000  156.09872698
  0.2010  154.06668223
  0.2020  152.00686727
  0.2030  149.91998190
  0.2040  147.80673453
  0.2050  145.66784193
  0.2060  143.50402890
  0.2070  141.31602793
  0.2080  139.10457887
  0.2090  136.87042866
  0.2100  134.61433096
  0.2110  132.33704581
  0.2120  130.03933935
  0.2130  127.72198345
  0.2140  125.38575539
  0.2150  123.03143752
  0.2160  120.65981693
  0.2170  118.27168512
  0.2180  115.86783767
  0.2190  113.44907387
  0.2200  111.01619642
  0.2210  108.57001108
  0.2220  106.11132633
  0.2230  103.64095303
  0.2240  101.15970409
  0.2250  98.66839413
  0.2260  96.16783916
  0.2270  93.65885621
  0.2280  91.14226303
  0.2290  88.61887776
  0.2300  86.08951855
  0.2310  83.55500329
  0.2320  81.01614925
  0.2330  78.47377277
  0.2340  75.92868891
  0.2350  73.38171116
  0.2360  70.83365111
  0.2370  68.28531812
  0.2380  65.73751905
  0.2390  63.19105789
  0.2400  60.64673553
  0.2410  58.10534939
  0.2420  55.56769320
  0.2430  53.03455665
  0.2440  50.50672519
  0.2450  47.98497970
  0.2460  45.47009628
  0.2470  42.96284601
  0.2480  40.46399479
  0.2490  37.97430311
  0.2500  35.49452602
  0.2510  33.02541302
  0.2520  30.56770822
  0.2530  28.12215058
  0.2540  25.68947450
  0.2550  23.27041089
  0.2560  20.86568919
  0.2570  18.47604100
  0.2580  16.10220724
  0.2590  13.74495241
  0.2600  11.40509669
  0.2610  9.08359617
  0.2620  6.78178449
  0.2630  4.50233914
  0.2640  2.25599129
  0.2650  0.42545924
  0.2660  2.29562158
  0.2670  4.48017833
  0.2680  6.65548075
  0.2690  8.81140390
  0.2700  10.94541250
  0.2710  13.05628278
  0.2720  15.14317744
  0.2730  17.20541204
  0.2740  19.24237672
  0.2750  21.25350493
  0.2760  23.23825926
  0.2770  25.19612436
  0.2780  27.12660324
  0.2790  29.02921518
  0.2800  30.90349454
  0.2810  32.74899003
  0.2820  34.56526429
  0.2830  36.35189368
  0.2840  38.10846809
  0.2850  39.83459089
  0.2860  41.52987890
  0.2870  43.19396236
  0.2880  44.82648500
  0.2890  46.42710403
  0.2900  47.99549014
  0.2910  49.53132760
  0.2920  51.03431426
  0.2930  52.50416156
  0.2940  53.94059461
  0.2950  55.34335217
  0.2960  56.71218672
  0.2970  58.04686443
  0.2980  59.34716521
  0.2990  60.61288272
  0.3000  61.84382434
  0.3010  63.03981121
  0.3020  64.20067821
  0.3030  65.32627394
  0.3040  66.41646070
  0.3050  67.47111451
  0.3060  68.49012502
  0.3070  69.47339554
  0.3080  70.42084295
  0.3090  71.33239769
  0.3100  72.20800369
  0.3110  73.04761835
  0.3120  73.85121245
  0.3130  74.61877007
  0.3140  75.35028859
  0.3150  76.04577853
  0.3160  76.70526355
  0.3170  77.32878030
  0.3180  77.91637838
  0.3190  78.46812020
  0.3200  78.98408094
  0.3210  79.46434838
  0.3220  79.90902287
  0.3230  80.31821713
  0.3240  80.69205620
  0.3250  81.03067730
  0.3260  81.33422969
  0.3270  81.60287455
  0.3280  81.83678486
  0.3290  82.03614525
  0.3300  82.20115184
  0.3310  82.33201214
  0.3320  82.42894485
  0.3330  82.49217976
  0.3340  82.52195754
  0.3350  82.51852962
  0.3360  82.48215802
  0.3370  82.41311516
  0.3380  82.31168372
  0.3390  82.17815645
  0.3400  82.01283602
  0.3410  81.81603480
  0.3420  81.58807471
  0.3430  81.32928704
  0.3440  81.04001224
  0.3450  80.72059976
  0.3460  80.37140784
  0.3470  79.99280333
  0.3480  79.58516148
  0.3490  79.14886576
  0.3500  78.68430766
  0.3510  78.19188649
  0.3520  77.67200918
  0.3530  77.12509006
  0.3540  76.55155068
  0.3550  75.95181962
  0.3560  75.32633223
  0.3570  74.67553049
  0.3580  73.99986274
  0.3590  73.29978354
  0.3600  72.57575342
  0.3610  71.82823866
  0.3620  71.05771115
  0.3630  70.26464810
  0.3640  69.44953192
  0.3650  68.61284994
  0.3660  67.75509426
  0.3670  66.87676153
  0.3680  65.97835276
  0.3690  65.06037308
  0.3700  64.12333164
  0.3710  63.16774131
  0.3720  62.19411858
  0.3730  61.20298333
  0.3740  60.19485865
  0.3750  59.17027073
  0.3760  58.12974859
  0.3770  57.07382404
  0.3780  56.00303142
  0.3790  54.91790756
  0.3800  53.81899157
  0.3810  52.70682479
  0.3820  51.58195067
  0.3830  50.44491465
  0.3840  49.29626420
  0.3850  48.13654867
  0.3860  46.96631939
  0.3870  45.78612962
  0.3880  44.59653469
  0.3890  43.39809208
  0.3900  42.19136162
  0.3910  40.97690576
  0.3920  39.75528988
  0.3930  38.52708277
  0.3940  37.29285719
  0.3950  36.05319065
  0.3960  34.80866631
  0.3970  33.55987424
  0.3980  32.30741288
  0.3990  31.05189106
  0.4000  29.79393037
  0.4010  28.53416840
  0.4020  27.27326276
  0.4030  26.01189630
  0.4040  24.75078404
  0.4050  23.49068215
  0.4060  22.23239998
  0.4070  20.97681635
  0.4080  19.72490164
  0.4090  18.47774858
  0.4100  17.23661555
  0.4110  16.00298882
  0.4120  14.77867363
  0.4130  13.56593068
  0.4140  12.36768536
  0.4150  11.18785702
  0.4160  10.03189109
  0.4170  8.90764148
  0.4180  7.82686510
  0.4190  6.80777031
  0.4200  5.87922973
  0.4210  5.08685512
  0.4220  4.49794762
  0.4230  4.19301799
  0.4240  4.22750272
  0.4250  4.58750800
  0.4260  5.20008891
  0.4270  5.98287521
  0.4280  6.87311269
  0.4290  7.82978020
  0.4300  8.82718667
  0.4310  9.84913298
  0.4320  10.88512737
  0.4330  11.92814204
  0.4340  12.97330264
  0.4350  14.01711241
  0.4360  15.05698184
  0.4370  16.09093582
  0.4380  17.11742635
  0.4390  18.13520961
  0.4400  19.14326342
  0.4410  20.14073053
  0.4420  21.12687890
  0.4430  22.10107339
  0.4440  23.06275517
  0.4450  24.01142665
  0.4460  24.94664013
  0.4470  25.86798930
  0.4480  26.77510266
  0.4490  27.66763849
  0.4500  28.54528092
  0.4510  29.40773675
  0.4520  30.25473302
  0.4530  31.08601501
  0.4540  31.90134462
  0.4550  32.70049906
  0.4560  33.48326976
  0.4570  34.24946152
  0.4580  34.99889171
  0.4590  35.73138969
  0.4600  36.44679627
  0.4610  37.14496326
  0.4620  37.82575308
  0.4630  38.48903844
  0.4640  39.13470205
  0.4650  39.76263637
  0.4660  40.37274336
  0.4670  40.96493432
  0.4680  41.53912968
  0.4690  42.09525884
  0.4700  42.63326004
  0.4710  43.15308018
  0.4720  43.65467475
  0.4730  44.13800764
  0.4740  44.60305109
  0.4750  45.04978553
  0.4760  45.47819948
  0.4770  45.88828947
  0.4780  46.28005993
  0.4790  46.65352307
  0.4800  47.00869880
  0.4810  47.34561465
  0.4820  47.66430562
  0.4830  47.96481414
  0.4840  48.24718995
  0.4850  48.51148999
  0.4860  48.75777832
  0.4870  48.98612602
  0.4880  49.19661110
  0.4890  49.38931837
  0.4900  49.56433937
  0.4910  49.72177226
  0.4920  49.86172171
  0.4930  49.98429881
  0.4940  50.08962093
  0.4950  50.17781166
  0.4960  50.24900070
  0.4970  50.30332369
  0.4980  50.34092218
  0.4990  50.36194345
  0.5000  50.36654047
  0.5010  50.35487170
  0.5020  50.32710105
  0.5030  50.28339773
  0.5040  50.22393612
  0.5050  50.14889569
  0.5060  50.05846084
  0.5070  49.95282080
  0.5080  49.83216953
  0.5090  49.69670552
  0.5100  49.54663178
  0.5110  49.38215561
  0.5120  49.20348853
  0.5130  49.01084615
  0.5140  48.80444803
  0.5150  48.58451754
  0.5160  48.35128178
  0.5170  48.10497139
  0.5180  47.84582046
  0.5190  47.57406639
  0.5200  47.28994974
  0.5210  46.99371415
  0.5220  46.68560613
  0.5230  46.36587500
  0.5240  46.03477272
  0.5250  45.69255377
  0.5260  45.33947501
  0.5270  44.97579556
  0.5280  44.60177663
  0.5290  44.21768144
  0.5300  43.82377507
  0.5310  43.42032428
  0.5320  43.00759745
  0.5330  42.58586440
  0.5340  42.15539628
  0.5350  41.71646541
  0.5360  41.26934521
  0.5370  40.81430998
  0.5380  40.35163484
  0.5390  39.88159559
  0.5400  39.40446854
  0.5410  38.92053043
  0.5420  38.43005829
  0.5430  37.93332928
  0.5440  37.43062062
  0.5450  36.92220941
  0.5460  36.40837255
  0.5470  35.88938659
  0.5480  35.36552762
  0.5490  34.83707116
  0.5500  34.30429200
  0.5510  33.76746413
  0.5520  33.22686061
  0.5530  32.68275344
  0.5540  32.13541346
  0.5550  31.58511022
  0.5560  31.03211192
  0.5570  30.47668524
  0.5580  29.91909527
  0.5590  29.35960539
  0.5600  28.79847720
  0.5610  28.23597037
  0.5620  27.67234259
  0.5630  27.10784944
  0.5640  26.54274432
  0.5650  25.97727835
  0.5660  25.41170029
  0.5670  24.84625645
  0.5680  24.28119063
  0.5690  23.71674400
  0.5700  23.15315507
  0.5710  22.59065961
  0.5720  22.02949057
  0.5730  21.46987804
  0.5740  20.91204918
  0.5750  20.35622819
  0.5760  19.80263625
  0.5770  19.25149148
  0.5780  18.70300897
  0.5790  18.15740065
  0.5800  17.61487541
  0.5810  17.07563900
  0.5820  16.53989410
  0.5830  16.00784034
  0.5840  15.47967435
  0.5850  14.95558981
  0.5860  14.43577758
  0.5870  13.92042576
  0.5880  13.40971992
  0.5890  12.90384324
  0.5900  12.40297678
  0.5910  11.90729978
  0.5920  11.41699001
  0.5930  10.93222430
  0.5940  10.45317907
  0.5950  9.98003108
  0.5960  9.51295833
  0.5970  9.05214123
  0.5980  8.59776398
  0.5990  8.15001647
  0.6000  7.70909658
  0.6010  7.27521324
  0.6020  6.84859039
  0.6030  6.42947214
  0.6040  6.01812977
  0.6050  5.61487108
  0.6060  5.22005314
  0.6070  4.83410000
  0.6080  4.45752755
  0.6090  4.09097890
  0.6100  3.73527567
  0.6110  3.39149303
  0.6120  3.06107117
  0.6130  2.74598126
  0.6140  2.44897134
  0.6150  2.17391885
  0.6160  1.92629317
  0.6170  1.71362635
  0.6180  1.54560202
  0.6190  1.43289714
  0.6200  1.38390148
  0.6210  1.40031341
  0.6220  1.47533101
  0.6230  1.59655726
  0.6240  1.75072230
  0.6250  1.92665945
  0.6260  2.11604131
  0.6270  2.31298744
  0.6280  2.51341909
  0.6290  2.71450390
  0.6300  2.91425492
  0.6310  3.11125908
  0.6320  3.30449719
  0.6330  3.49322467
  0.6340  3.67689183
  0.6350  3.85508986
  0.6360  4.02751372
  0.6370  4.19393614
  0.6380  4.35418922
  0.6390  4.50815108
  0.6400  4.65573617
  0.6410  4.79688805
  0.6420  4.93157394
  0.6430  5.05978060
  0.6440  5.18151117
  0.6450  5.29678265
  0.6460  5.40562398
  0.6470  5.50807448
  0.6480  5.60418263
  0.6490  5.69400502
  0.6500  5.77760555
  0.6510  5.85505475
  0.6520  5.92642922
  0.6530  5.99181115
  0.6540  6.05128792
  0.6550  6.10495177
  0.6560  6.15289952
  0.6570  6.19523229
  0.6580  6.23205531
  0.6590  6.26347774
  0.6600  6.28961250
  0.6610  6.31057611
  0.6620  6.32648861
  0.6630  6.33747342
  0.6640  6.34365725
  0.6650  6.34517003
  0.6660  6.34214484
  0.6670  6.33471784
  0.6680  6.32302824
  0.6690  6.30721823
  0.6700  6.28743295
  0.6710  6.26382050
  0.6720  6.23653189
  0.6730  6.20572101
  0.6740  6.17154465
  0.6750  6.13416252
  0.6760  6.09373717
  0.6770  6.05043408
  0.6780  6.00442163
  0.6790  5.95587110
  0.6800  5.90495669
  0.6810  5.85185555
  0.6820  5.79674773
  0.6830  5.73981624
  0.6840  5.68124697
  0.6850  5.62122876
  0.6860  5.55995325
  0.6870  5.49761494
  0.6880  5.43441102
  0.6890  5.37054131
  0.6900  5.30620809
  0.6910  5.24161594
  0.6920  5.17697150
  0.6930  5.11248315
  0.6940  5.04836070
  0.6950  4.98481493
  0.6960  4.92205713
  0.6970  4.86029842
  0.6980  4.79974915
  0.6990  4.74061807
  0.7000  4.68311141
  0.7010  4.62743192
  0.7020  4.57377772
  0.7030  4.52234111
  0.7040  4.47330725
  0.7050  4.42685280
  0.7060  4.38314445
  0.7070  4.34233744
  0.7080  4.30457412
  0.7090  4.26998244
  0.7100  4.23867459
  0.7110  4.21074573
  0.7120  4.18627282
  0.7130  4.16531372
  0.7140  4.14790640
  0.7150  4.13406852
  0.7160  4.12379719
  0.7170  4.11706908
  0.7180  4.11384074
  0.7190  4.11404931
  0.7200  4.11761342
  0.7210  4.12443429
  0.7220  4.13439716
  0.7230  4.14737275
  0.7240  4.16321896
  0.7250  4.18178250
  0.7260  4.20290073
  0.7270  4.22640336
  0.7280  4.25211415
  0.7290  4.27985258
  0.7300  4.30943534
  0.7310  4.34067781
  0.7320  4.37339531
  0.7330  4.40740430
  0.7340  4.44252339
  0.7350  4.47857423
  0.7360  4.51538227
  0.7370  4.55277744
  0.7380  4.59059459
  0.7390  4.62867399
  0.7400  4.66686161
  0.7410  4.70500936
  0.7420  4.74297525
  0.7430  4.78062352
  0.7440  4.81782464
  0.7450  4.85445534
  0.7460  4.89039856
  0.7470  4.92554336
  0.7480  4.95978484
  0.7490  4.99302403
  0.7500  5.02516773
  0.7510  5.05612836
  0.7520  5.08582383
  0.7530  5.11417737
  0.7540  5.14111733
  0.7550  5.16657708
  0.7560  5.19049477
  0.7570  5.21281323
  0.7580  5.23347976
  0.7590  5.25244598
  0.7600  5.26966771
  0.7610  5.28510475
  0.7620  5.29872080
  0.7630  5.31048328
  0.7640  5.32036319
  0.7650  5.32833499
  0.7660  5.33437646
  0.7670  5.33846859
  0.7680  5.34059545
  0.7690  5.34074406
  0.7700  5.33890430
  0.7710  5.33506879
  0.7720  5.32923281
  0.7730  5.32139416
  0.7740  5.31155309
  0.7750  5.29971220
  0.7760  5.28587636
  0.7770  5.27005260
  0.7780  5.25225005
  0.7790  5.23247985
  0.7800  5.21075508
  0.7810  5.18709066
  0.7820  5.16150332
  0.7830  5.13401146
  0.7840  5.10463518
  0.7850  5.07339613
  0.7860  5.04031747
  0.7870  5.00542382
  0.7880  4.96874122
  0.7890  4.93029701
  0.7900  4.89011984
  0.7910  4.84823957
  0.7920  4.80468726
  0.7930  4.75949506
  0.7940  4.71269625
  0.7950  4.66432509
  0.7960  4.61441689
  0.7970  4.56300785
  0.7980  4.51013513
  0.7990  4.45583672
  0.8000  4.40015149
  0.8010  4.34311908
  0.8020  4.28477992
  0.8030  4.22517519
  0.8040  4.16434678
  0.8050  4.10233731
  0.8060  4.03919004
  0.8070  3.97494894
  0.8080  3.90965861
  0.8090  3.84336431
  0.8100  3.77611195
  0.8110  3.70794807
  0.8120  3.63891990
  0.8130  3.56907532
  0.8140  3.49846292
  0.8150  3.42713199
  0.8160  3.35513262
  0.8170  3.28251567
  0.8180  3.20933290
  0.8190  3.13563699
  0.8200  3.06148168
  0.8210  2.98692181
  0.8220  2.91201352
  0.8230  2.83681432
  0.8240  2.76138334
  0.8250  2.68578146
  0.8260  2.61007161
  0.8270  2.53431905
  0.8280  2.45859166
  0.8290  2.38296036
  0.8300  2.30749959
  0.8310  2.23228781
  0.8320  2.15740814
  0.8330  2.08294913
  0.8340  2.00900563
  0.8350  1.93567976
  0.8360  1.86308217
  0.8370  1.79133342
  0.8380  1.72056560
  0.8390  1.65092418
  0.8400  1.58257020
  0.8410  1.51568270
  0.8420  1.45046135
  0.8430  1.38712941
  0.8440  1.32593668
  0.8450  1.26716238
  0.8460  1.21111753
  0.8470  1.15814634
  0.8480  1.10862584
  0.8490  1.06296274
  0.8500  1.02158635
  0.8510  0.98493640
  0.8520  0.95344489
  0.8530  0.92751192
  0.8540  0.90747706
  0.8550  0.89358935
  0.8560  0.88598068
  0.8570  0.88464790
  0.8580  0.88944769
  0.8590  0.90010577
  0.8600  0.91623849
  0.8610  0.93738247
  0.8620  0.96302676
  0.8630  0.99264264
  0.8640  1.02570804
  0.8650  1.06172527
  0.8660  1.10023225
  0.8670  1.14080832
  0.8680  1.18307604
  0.8690  1.22670020
  0.8700  1.27138518
  0.8710  1.31687146
  0.8720  1.36293175
  0.8730  1.40936723
  0.8740  1.45600395
  0.8750  1.50268957
  0.8760  1.54929047
  0.8770  1.59568924
  0.8780  1.64178246
  0.8790  1.68747883
  0.8800  1.73269759
  0.8810  1.77736707
  0.8820  1.82142362
  0.8830  1.86481055
  0.8840  1.90747728
  0.8850  1.94937865
  0.8860  1.99047431
  0.8870  2.03072814
  0.8880  2.07010785
  0.8890  2.10858458
  0.8900  2.14613255
  0.8910  2.18272880
  0.8920  2.21835293
  0.8930  2.25298690
  0.8940  2.28661479
  0.8950  2.31922273
  0.8960  2.35079869
  0.8970  2.38133239
  0.8980  2.41081516
  0.8990  2.43923989
  0.9000  2.46660093
  0.9010  2.49289401
  0.9020  2.51811619
  0.9030  2.54226579
  0.9040  2.56534236
  0.9050  2.58734663
  0.9060  2.60828044
  0.9070  2.62814678
  0.9080  2.64694969
  0.9090  2.66469427
  0.9100  2.68138664
  0.9110  2.69703395
  0.9120  2.71164432
  0.9130  2.72522685
  0.9140  2.73779161
  0.9150  2.74934961
  0.9160  2.75991281
  0.9170  2.76949409
  0.9180  2.77810728
  0.9190  2.78576708
  0.9200  2.79248914
  0.9210  2.79829000
  0.9220  2.80318710
  0.9230  2.80719877
  0.9240  2.81034424
  0.9250  2.81264362
  0.9260  2.81411790
  0.9270  2.81478897
  0.9280  2.81467957
  0.9290  2.81381332
  0.9300  2.81221471
  0.9310  2.80990909
  0.9320  2.80692265
  0.9330  2.80328245
  0.9340  2.79901636
  0.9350  2.79415311
  0.9360  2.78872221
  0.9370  2.78275400
  0.9380  2.77627961
  0.9390  2.76933093
  0.9400  2.76194060
  0.9410  2.75414200
  0.9420  2.74596921
  0.9430  2.73745697
  0.9440  2.72864069
  0.9450  2.71955636
  0.9460  2.71024055
  0.9470  2.70073035
  0.9480  2.69106332
  0.9490  2.68127743
  0.9500  2.67141100
  0.9510  2.66150267
  0.9520  2.65159126
  0.9530  2.64171576
  0.9540  2.63191521
  0.9550  2.62222860
  0.9560  2.61269483
  0.9570  2.60335253
  0.9580  2.59424002
  0.9590  2.58539517
  0.9600  2.57685528
  0.9610  2.56865695
  0.9620  2.56083600
  0.9630  2.55342727
  0.9640  2.54646454
  0.9650  2.53998038
  0.9660  2.53400602
  0.9670  2.52857123
  0.9680  2.52370414
  0.9690  2.51943119
  0.9700  2.51577694
  0.9710  2.51276399
  0.9720  2.51041288
  0.9730  2.50874196
  0.9740  2.50776731
  0.9750  2.50750268
  0.9760  2.50795943
  0.9770  2.50914643
  0.9780  2.51107009
  0.9790  2.51373428
  0.9800  2.51714036
  0.9810  2.52128717
  0.9820  2.52617105
  0.9830  2.53178590
  0.9840  2.53812318
  0.9850  2.54517204
  0.9860  2.55291934
  0.9870  2.56134979
  0.9880  2.57044600
  0.9890  2.58018860
  0.9900  2.59055637
  0.9910  2.60152636
  0.9920  2.61307400
  0.9930  2.62517323
  0.9940  2.63779664
  0.9950  2.65091561
  0.9960  2.66450042
  0.9970  2.67852040
  0.9980  2.69294404
  0.9990  2.70773913
