#q[1/A]     |F(q)|[e/A^2]
     0.06722350            0.9408138
     0.06823970            0.9802428
     0.06925590             1.019736
     0.07027210             1.059275
     0.07128830             1.098842
     0.07230450             1.138412
     0.07332070             1.177969
     0.07433700             1.217494
     0.07535320             1.256971
     0.07636940             1.296374
     0.07738560             1.335687
     0.07840190             1.374893
     0.07941820             1.413972
     0.08043440             1.452902
     0.08145060             1.491667
     0.08246680             1.530250
     0.08348300             1.568631
     0.08449920             1.606789
     0.08551540             1.644708
     0.08653180             1.682374
     0.08754800             1.719761
     0.08856420             1.756856
     0.08958030             1.793640
     0.09059670             1.830100
     0.09161290             1.866212
     0.09262910             1.901962
     0.09364530             1.937334
     0.09466150             1.972312
     0.09567770             2.006876
     0.09669390             2.041012
     0.09771020             2.074707
     0.09872650             2.107943
     0.09974270             2.140702
      0.1007590             2.172976
      0.1017750             2.204735
      0.1027910             2.235976
      0.1038080             2.266713
      0.1048240             2.296873
      0.1058400             2.326473
      0.1068560             2.355499
      0.1078725             2.383952
      0.1088890             2.411805
      0.1099050             2.439032
      0.1109210             2.465635
      0.1119370             2.491603
      0.1129540             2.516948
      0.1139700             2.541611
      0.1149860             2.565605
      0.1160020             2.588919
      0.1170185             2.611557
      0.1180350             2.633495
      0.1190510             2.654715
      0.1200670             2.675218
      0.1210830             2.694996
      0.1221000             2.714061
      0.1231160             2.732366
      0.1241320             2.749923
      0.1251480             2.766726
      0.1261645             2.782775
      0.1271810             2.798056
      0.1281970             2.812557
      0.1292130             2.826280
      0.1302295             2.839226
      0.1312460             2.851383
      0.1322620             2.862743
      0.1332780             2.873308
      0.1342940             2.883075
      0.1353110             2.892048
      0.1363270             2.900208
      0.1373430             2.907563
      0.1383590             2.914110
      0.1393755             2.919851
      0.1403920             2.924782
      0.1414080             2.928900
      0.1424240             2.932209
      0.1434400             2.934708
      0.1444570             2.936399
      0.1454730             2.937280
      0.1464890             2.937356
      0.1475050             2.936628
      0.1485215             2.935097
      0.1495380             2.932767
      0.1505540             2.929643
      0.1515700             2.925726
      0.1525860             2.921021
      0.1536030             2.915526
      0.1546190             2.909258
      0.1556350             2.902216
      0.1566510             2.894404
      0.1576680             2.885822
      0.1586840             2.876491
      0.1597000             2.866410
      0.1607160             2.855586
      0.1617325             2.844019
      0.1627490             2.831724
      0.1637650             2.818714
      0.1647810             2.804992
      0.1657970             2.790566
      0.1668140             2.775430
      0.1678300             2.759623
      0.1688460             2.743140
      0.1698620             2.725990
      0.1708785             2.708175
      0.1718950             2.689714
      0.1729110             2.670627
      0.1739270             2.650915
      0.1749430             2.630590
      0.1759600             2.609642
      0.1769760             2.588125
      0.1779920             2.566031
      0.1790080             2.543371
      0.1800245             2.520145
      0.1810410             2.496379
      0.1820570             2.472097
      0.1830730             2.447300
      0.1840890             2.422003
      0.1851060             2.396192
      0.1861220             2.369932
      0.1871380             2.343212
      0.1881540             2.316046
      0.1891710             2.288420
      0.1901870             2.260405
      0.1912030             2.231986
      0.1922190             2.203179
      0.1932355             2.173984
      0.1942520             2.144430
      0.1952680             2.114547
      0.1962840             2.084336
      0.1973000             2.053811
      0.1983170             2.022957
      0.1993330             1.991852
      0.2003490             1.960480
      0.2013650             1.928856
      0.2023815             1.896980
      0.2033980             1.864883
      0.2044140             1.832598
      0.2054300             1.800124
      0.2064460             1.767476
      0.2074630             1.734638
      0.2084790             1.701691
      0.2094950             1.668618
      0.2105110             1.635434
      0.2115275             1.602139
      0.2125440             1.568764
      0.2135600             1.535343
      0.2145760             1.501874
      0.2155925             1.468356
      0.2166090             1.434821
      0.2176250             1.401300
      0.2186410             1.367794
      0.2196570             1.334317
      0.2206740             1.300851
      0.2216900             1.267476
      0.2227060             1.234176
      0.2237220             1.200966
      0.2247385             1.167842
      0.2257550             1.134836
      0.2267710             1.101978
      0.2277870             1.069268
      0.2288030             1.036719
      0.2298200             1.004313
      0.2308360            0.9721268
      0.2318520            0.9401430
      0.2328680            0.9083748
      0.2338845            0.8768207
      0.2349010            0.8455088
      0.2359170            0.8144666
      0.2369330            0.7836922
      0.2379490            0.7531977
      0.2389660            0.7229659
      0.2399820            0.6930684
      0.2409980            0.6634871
      0.2420140            0.6342332
      0.2430310            0.6052902
      0.2440470            0.5767254
      0.2450630            0.5485218
      0.2460790            0.5206895
      0.2470955            0.4932264
      0.2481120            0.4661554
      0.2491280            0.4394994
      0.2501440            0.4132549
      0.2511600            0.3874309
      0.2521770            0.3620120
      0.2531930            0.3370573
      0.2542090            0.3125485
      0.2552250            0.2884957
      0.2562415            0.2648941
      0.2572580            0.2417637
      0.2582740            0.2191232
      0.2592900            0.1969670
      0.2603060            0.1753032
      0.2613230            0.1541168
      0.2623390            0.1334560
      0.2633550            0.1133053
      0.2643710           0.09367017
      0.2653875           0.07454730
      0.2664040           0.05594998
      0.2674200           0.03789459
      0.2684360           0.02037155
      0.2694525          0.003376389
      0.2704690           0.01306905
      0.2714850           0.02896032
      0.2725010           0.04430463
      0.2735170           0.05909823
      0.2745340           0.07334916
      0.2755500           0.08702988
      0.2765660            0.1001524
      0.2775820            0.1127142
      0.2785985            0.1247201
      0.2796150            0.1361642
      0.2806310            0.1470388
      0.2816470            0.1573499
      0.2826630            0.1670976
      0.2836800            0.1762910
      0.2846960            0.1849124
      0.2857120            0.1929715
      0.2867280            0.2004700
      0.2877445            0.2074122
      0.2887610            0.2137959
      0.2897770            0.2196213
      0.2907930            0.2248922
      0.2918090            0.2296125
      0.2928260            0.2337881
      0.2938420            0.2374142
      0.2948580            0.2404986
      0.2958740            0.2430444
      0.2968910            0.2450577
      0.2979070            0.2465382
      0.2989230            0.2474926
      0.2999390            0.2479260
      0.3009555            0.2478423
      0.3019720            0.2472470
      0.3029880            0.2461451
      0.3040040            0.2445430
      0.3050200            0.2424459
      0.3060370            0.2398572
      0.3070530            0.2367883
      0.3080690            0.2332434
      0.3090850            0.2292289
      0.3101015            0.2247492
      0.3111180            0.2198136
      0.3121340            0.2144316
      0.3131500            0.2086090
      0.3141660            0.2023529
      0.3151830            0.1956643
      0.3161990            0.1885643
      0.3172150            0.1810550
      0.3182310            0.1731442
      0.3192475            0.1648363
      0.3202640            0.1561442
      0.3212800            0.1470806
      0.3222960            0.1376499
      0.3233125            0.1278573
      0.3243290            0.1177153
      0.3253450            0.1072390
      0.3263610           0.09643236
      0.3273770           0.08530533
      0.3283940           0.07385662
      0.3294100           0.06211682
      0.3304260           0.05008592
      0.3314420           0.03777301
      0.3324585           0.02518134
      0.3334750           0.01232883
      0.3344910         0.0007745967
      0.3355070           0.01411028
      0.3365230           0.02768212
      0.3375400           0.04148855
      0.3385560           0.05549324
      0.3395720           0.06969864
      0.3405880           0.08409459
      0.3416045           0.09867775
      0.3426210            0.1134310
      0.3436370            0.1283363
      0.3446530            0.1433911
      0.3456690            0.1585840
      0.3466860            0.1739210
      0.3477020            0.1893602
      0.3487180            0.2049073
      0.3497340            0.2205523
      0.3507510            0.2362996
      0.3517670            0.2521077
      0.3527830            0.2679823
      0.3537990            0.2839130
      0.3548155            0.2998988
      0.3558320            0.3159202
      0.3568480            0.3319596
      0.3578640            0.3480151
      0.3588800            0.3640777
      0.3598970            0.3801514
      0.3609130            0.3961972
      0.3619290            0.4122193
      0.3629450            0.4282088
      0.3639615            0.4441647
      0.3649780            0.4600689
      0.3659940            0.4759056
      0.3670100            0.4916717
      0.3680260            0.5073589
      0.3690430            0.5229745
      0.3700590            0.5384780
      0.3710750            0.5538764
      0.3720910            0.5691604
      0.3731075            0.5843310
      0.3741240            0.5993702
      0.3751400            0.6142637
      0.3761560            0.6290108
      0.3771725            0.6436103
      0.3781890            0.6580476
      0.3792050            0.6723084
      0.3802210            0.6863920
      0.3812370            0.7002916
      0.3822540            0.7140129
      0.3832700            0.7275218
      0.3842860            0.7408264
      0.3853020            0.7539192
      0.3863185            0.7668000
      0.3873350            0.7794572
      0.3883510            0.7918765
      0.3893670            0.8040608
      0.3903830            0.8160021
      0.3914000            0.8277081
      0.3924160            0.8391496
      0.3934320            0.8503323
      0.3944480            0.8612534
      0.3954645            0.8719113
      0.3964810            0.8822966
      0.3974970            0.8924003
      0.3985130            0.9022226
      0.3995290            0.9117609
      0.4005460            0.9210187
      0.4015620            0.9299749
      0.4025780            0.9386357
      0.4035940            0.9469969
      0.4046110            0.9550641
      0.4056270            0.9628183
      0.4066430            0.9702649
      0.4076590            0.9774012
      0.4086755            0.9842282
      0.4096920            0.9907406
      0.4107080            0.9969333
      0.4117240             1.002808
      0.4127400             1.008363
      0.4137570             1.013602
      0.4147730             1.018514
      0.4157890             1.023103
      0.4168050             1.027368
      0.4178215             1.031311
      0.4188380             1.034929
      0.4198540             1.038220
      0.4208700             1.041186
      0.4218860             1.043827
      0.4229030             1.046147
      0.4239190             1.048140
      0.4249350             1.049810
      0.4259510             1.051158
      0.4269675             1.052185
      0.4279840             1.052892
      0.4290000             1.053280
      0.4300160             1.053351
      0.4310325             1.053107
      0.4320490             1.052549
      0.4330650             1.051680
      0.4340810             1.050502
      0.4350970             1.049017
      0.4361140             1.047226
      0.4371300             1.045136
      0.4381460             1.042746
      0.4391620             1.040061
      0.4401785             1.037082
      0.4411950             1.033813
      0.4422110             1.030259
      0.4432270             1.026423
      0.4442430             1.022308
      0.4452600             1.017913
      0.4462760             1.013251
      0.4472920             1.008322
      0.4483080             1.003130
      0.4493245            0.9976755
      0.4503410            0.9919665
      0.4513570            0.9860097
      0.4523730            0.9798075
      0.4533890            0.9733639
      0.4544060            0.9666775
      0.4554220            0.9597658
      0.4564380            0.9526278
      0.4574540            0.9452682
      0.4584710            0.9376841
      0.4594870            0.9298961
      0.4605030            0.9219018
      0.4615190            0.9137066
      0.4625355            0.9053120
      0.4635520            0.8967270
      0.4645680            0.8879614
      0.4655840            0.8790165
      0.4666000            0.8698983
      0.4676170            0.8606029
      0.4686330            0.8511549
      0.4696490            0.8415499
      0.4706650            0.8317941
      0.4716815            0.8218887
      0.4726980            0.8118436
      0.4737140            0.8016710
      0.4747300            0.7913700
      0.4757460            0.7809484
      0.4767630            0.7704002
      0.4777790            0.7597528
      0.4787950            0.7490022
      0.4798110            0.7381527
      0.4808275            0.7272069
      0.4818440            0.7161748
      0.4828600            0.7050678
      0.4838760            0.6938874
      0.4848925            0.6826329
      0.4859090            0.6713158
      0.4869250            0.6599478
      0.4879410            0.6485295
      0.4889570            0.6370668
      0.4899740            0.6255535
      0.4909900            0.6140183
      0.4920060            0.6024558
      0.4930220            0.5908716
      0.4940385            0.5792660
      0.4950550            0.5676498
      0.4960710            0.5560344
      0.4970870            0.5444196
      0.4981030            0.5328112
      0.4991200            0.5212033
      0.5001360            0.5096230
      0.5011520            0.4980661
      0.5021679            0.4865376
      0.5031846            0.4750320
      0.5042010            0.4635689
      0.5052170            0.4521522
      0.5062330            0.4407844
      0.5072490            0.4294690
      0.5082660            0.4182007
      0.5092820            0.4070055
      0.5102980            0.3958771
      0.5113140            0.3848215
      0.5123310            0.3738307
      0.5133470            0.3629313
      0.5143631            0.3521169
      0.5153790            0.3413933
      0.5163955            0.3307575
      0.5174119            0.3202202
      0.5184280            0.3097874
      0.5194440            0.2994618
      0.5204600            0.2892454
      0.5214770            0.2791324
      0.5224930            0.2691459
      0.5235090            0.2592792
      0.5245250            0.2495370
      0.5255415            0.2399169
      0.5265580            0.2304270
      0.5275740            0.2210751
      0.5285900            0.2118592
      0.5296060            0.2027834
      0.5306230            0.1938407
      0.5316390            0.1850519
      0.5326550            0.1764100
      0.5336710            0.1679181
      0.5346875            0.1595747
      0.5357040            0.1513863
      0.5367200            0.1433586
      0.5377360            0.1354895
      0.5387526            0.1277768
      0.5397690            0.1202285
      0.5407850            0.1128477
      0.5418010            0.1056333
      0.5428170           0.09858651
      0.5438340           0.09170169
      0.5448500           0.08499411
      0.5458660           0.07845827
      0.5468820           0.07209577
      0.5478985           0.06590372
      0.5489150           0.05988656
      0.5499310           0.05404812
      0.5509470           0.04838492
      0.5519630           0.04289988
      0.5529799           0.03758590
      0.5539960           0.03245612
      0.5550120           0.02750273
      0.5560280           0.02272884
      0.5570445           0.01813009
      0.5580610           0.01371131
      0.5590770          0.009471009
      0.5600930          0.005412947
      0.5611090          0.001516575
      0.5621260          0.002190890
      0.5631420          0.005709641
      0.5641580          0.009060905
      0.5651740           0.01223928
      0.5661910           0.01524139
      0.5672070           0.01806931
      0.5682230           0.02072438
      0.5692390           0.02320560
      0.5702555           0.02551666
      0.5712720           0.02765683
      0.5722880           0.02962938
      0.5733040           0.03143247
      0.5743200           0.03306962
      0.5753370           0.03454273
      0.5763530           0.03585248
      0.5773690           0.03700000
      0.5783850           0.03798816
      0.5794015           0.03881752
      0.5804180           0.03949177
      0.5814340           0.04001000
      0.5824500           0.04037574
      0.5834661           0.04059064
      0.5844830           0.04065833
      0.5854990           0.04057832
      0.5865149           0.04035468
      0.5875310           0.03998875
      0.5885475           0.03948291
      0.5895640           0.03883941
      0.5905800           0.03806048
      0.5915960           0.03714970
      0.5926125           0.03610817
      0.5936290           0.03493852
      0.5946450           0.03364372
      0.5956610           0.03222732
      0.5966770           0.03069039
      0.5976940           0.02903446
      0.5987101           0.02726536
      0.5997260           0.02538504
      0.6007420           0.02339658
      0.6017585           0.02129789
      0.6027750           0.01909712
      0.6037910           0.01679583
      0.6048070           0.01439792
      0.6058230           0.01190378
      0.6068400          0.009316652
      0.6078560          0.006640783
      0.6088720          0.003885872
      0.6098880          0.001048809
      0.6109045          0.001897367
      0.6119210          0.004898980
      0.6129370          0.007974961
      0.6139530           0.01112205
      0.6149690           0.01434224
      0.6159860           0.01762952
      0.6170020           0.02097618
      0.6180180           0.02438442
      0.6190341           0.02784780
      0.6200510           0.03136877
      0.6210670           0.03493709
      0.6220829           0.03855386
      0.6230990           0.04221730
      0.6241155           0.04592385
      0.6251320           0.04966890
      0.6261480           0.05344998
      0.6271640           0.05726430
      0.6281800           0.06110892
      0.6291970           0.06498538
      0.6302130           0.06888323
      0.6312290           0.07280385
      0.6322450           0.07674438
      0.6332614           0.08070254
      0.6342781           0.08467644
      0.6352940           0.08865890
      0.6363100           0.09265042
      0.6373260           0.09664781
      0.6383430            0.1006534
      0.6393590            0.1046556
      0.6403750            0.1086563
      0.6413910            0.1126530
      0.6424075            0.1166456
      0.6434240            0.1206292
      0.6444400            0.1245994
      0.6454560            0.1285558
      0.6464725            0.1324987
      0.6474890            0.1364229
      0.6485050            0.1403250
      0.6495210            0.1442040
      0.6505370            0.1480588
      0.6515540            0.1518901
      0.6525700            0.1556888
      0.6535860            0.1594563
      0.6546021            0.1631913
      0.6556185            0.1668922
      0.6566350            0.1705570
      0.6576509            0.1741809
      0.6586670            0.1777653
      0.6596830            0.1813066
      0.6607000            0.1848080
      0.6617160            0.1882599
      0.6627320            0.1916651
      0.6637480            0.1950215
      0.6647645            0.1983290
      0.6657810            0.2015852
      0.6667970            0.2047865
      0.6678130            0.2079336
      0.6688290            0.2110249
      0.6698461            0.2140624
      0.6708620            0.2170380
      0.6718780            0.2199545
      0.6728940            0.2228109
      0.6739110            0.2256083
      0.6749270            0.2283403
      0.6759430            0.2310091
      0.6769590            0.2336134
      0.6779755            0.2361536
      0.6789920            0.2386275
      0.6800080            0.2410336
      0.6810240            0.2433724
      0.6820400            0.2456426
      0.6830570            0.2478465
      0.6840730            0.2499786
      0.6850890            0.2520409
      0.6861050            0.2540329
      0.6871215            0.2559551
      0.6881380            0.2578059
      0.6891540            0.2595845
      0.6901700            0.2612912
      0.6911860            0.2629262
      0.6922030            0.2644903
      0.6932189            0.2659802
      0.6942350            0.2673984
      0.6952510            0.2687438
      0.6962675            0.2700174
      0.6972840            0.2712184
      0.6983000            0.2723465
      0.6993160            0.2734023
