#Temp 45

#Sam PSM Beam n D2Opct 100
#Q(Angstrom |F| sigmaF
#Sam PSM Beam x D2Opct 0
#Q(Angstrom |F| sigmaF
0.04	1.6201	0.1
0.041	1.7195	0.1
0.042	1.8215	0.1
0.043	1.8998	0.1
0.044	2.0079	0.1
0.045	2.1393	0.1
0.046	2.2184	0.1
0.047	2.3151	0.1
0.048	2.4008	0.1
0.049	2.5004	0.1
0.05	2.6108	0.1
0.051	2.7233	0.1
0.052	2.8124	0.1
0.053	2.9185	0.1
0.054	3.0032	0.1
0.055	3.1213	0.1
0.056	3.2294	0.1
0.057	3.3377	0.1
0.058	3.4536	0.1
0.059	3.5565	0.1
0.06	3.6672	0.03
0.061	3.8013	0.03
0.062	3.913	0.03
0.063	4.0385	0.03
0.064	4.1709	0.03
0.065	4.2836	0.03
0.066	4.3996	0.03
0.067	4.5384	0.03
0.068	4.6548	0.03
0.069	4.7899	0.03
0.07	4.9192	0.03
0.071	5.0376	0.03
0.072	5.1714	0.03
0.073	5.3094	0.03
0.074	5.4463	0.03
0.075	5.5804	0.03
0.076	5.7122	0.03
0.077	5.8535	0.03
0.078	5.9895	0.03
0.079	6.1302	0.03
0.08	6.2601	0.03
0.081	6.3971	0.03
0.082	6.5443	0.03
0.083	6.6828	0.03
0.084	6.8293	0.03
0.085	6.9712	0.03
0.086	7.1108	0.03
0.087	7.2482	0.03
0.088	7.3776	0.03
0.089	7.507	0.03
0.09	7.6449	0.03
0.091	7.7801	0.03
0.092	7.9205	0.03
0.093	8.0408	0.03
0.094	8.1778	0.03
0.095	8.3159	0.03
0.096	8.4449	0.03
0.097	8.5743	0.03
0.098	8.6921	0.03
0.099	8.8095	0.03
0.1	8.9347	0.03
0.101	9.0419	0.03
0.102	9.152	0.03
0.103	9.2614	0.03
0.104	9.3606	0.03
0.105	9.462	0.03
0.106	9.5564	0.03
0.107	9.6518	0.03
0.108	9.7605	0.03
0.109	9.8513	0.03
0.11	9.9514	0.03
0.111	10.042	0.03
0.112	10.1201	0.03
0.113	10.2034	0.03
0.114	10.2833	0.03
0.115	10.3706	0.03
0.116	10.4568	0.03
0.117	10.5455	0.03
0.118	10.6115	0.03
0.119	10.6892	0.03
0.12	10.768	0.03
0.121	10.8358	0.03
0.122	10.9049	0.03
0.123	10.9808	0.03
0.124	11.0385	0.03
0.125	11.1006	0.03
0.126	11.1745	0.03
0.127	11.2264	0.03
0.128	11.281	0.03
0.129	11.3386	0.03
0.13	11.3939	0.03
0.131	11.4325	0.03
0.132	11.4793	0.03
0.133	11.5272	0.03
0.134	11.5674	0.03
0.135	11.5993	0.03
0.136	11.6464	0.03
0.137	11.6971	0.03
0.138	11.7321	0.03
0.139	11.765	0.03
0.14	11.8032	0.03
0.141	11.834	0.03
0.142	11.8559	0.03
0.143	11.8775	0.03
0.144	11.909	0.03
0.145	11.9347	0.03
0.146	11.9506	0.03
0.147	11.9622	0.03
0.148	11.9788	0.03
0.149	11.9948	0.03
0.15	12.0115	0.03
0.151	12.0229	0.03
0.152	12.0296	0.03
0.153	12.0246	0.03
0.154	12.0296	0.03
0.155	12.0326	0.03
0.156	12.0335	0.03
0.157	12.0311	0.03
0.158	12.0186	0.03
0.159	12.0009	0.03
0.16	11.9897	0.03
0.161	11.9783	0.03
0.162	11.9624	0.03
0.163	11.9486	0.03
0.164	11.9192	0.03
0.165	11.8937	0.03
0.166	11.8725	0.03
0.167	11.843	0.03
0.168	11.8059	0.03
0.169	11.7786	0.03
0.17	11.744	0.03
0.171	11.6991	0.03
0.172	11.6601	0.03
0.173	11.6164	0.03
0.174	11.5715	0.03
0.175	11.5092	0.03
0.176	11.452	0.03
0.177	11.4062	0.03
0.178	11.3551	0.03
0.179	11.2883	0.03
0.18	11.2217	0.03
0.181	11.1453	0.03
0.182	11.0834	0.03
0.183	11.0102	0.03
0.184	10.9377	0.03
0.185	10.8523	0.03
0.186	10.7912	0.03
0.187	10.7028	0.03
0.188	10.6111	0.03
0.189	10.5204	0.03
0.19	10.4285	0.03
0.191	10.3378	0.03
0.192	10.2391	0.03
0.193	10.1367	0.03
0.194	10.0362	0.03
0.195	9.9242	0.03
0.196	9.8234	0.03
0.197	9.715	0.03
0.198	9.6042	0.03
0.199	9.4921	0.03
0.2	9.3798	0.03
0.201	9.2501	0.03
0.202	9.1283	0.03
0.203	8.9892	0.03
0.204	8.8413	0.03
0.205	8.7123	0.03
0.206	8.5836	0.03
0.207	8.4386	0.03
0.208	8.2967	0.03
0.209	8.1494	0.03
0.21	8.0175	0.03
0.211	7.8859	0.03
0.212	7.7558	0.03
0.213	7.602	0.03
0.214	7.4475	0.03
0.215	7.3091	0.03
0.216	7.1531	0.03
0.217	7.0203	0.03
0.218	6.8822	0.03
0.219	6.7276	0.03
0.22	6.5818	0.03
0.221	6.441	0.03
0.222	6.285	0.03
0.223	6.1338	0.03
0.224	5.9983	0.03
0.225	5.8305	0.03
0.226	5.6631	0.03
0.227	5.511	0.03
0.228	5.3702	0.03
0.229	5.203	0.03
0.23	5.0671	0.03
0.231	4.9051	0.03
0.232	4.7455	0.03
0.233	4.6	0.03
0.234	4.4261	0.03
0.235	4.2539	0.03
0.236	4.1137	0.03
0.237	3.9841	0.03
0.238	3.8367	0.03
0.239	3.6649	0.03
0.24	3.5237	0.03
0.241	3.4009	0.03
0.242	3.2341	0.03
0.243	3.092	0.03
0.244	2.946	0.03
0.245	2.8309	0.03
0.246	2.7082	0.03
0.247	2.5692	0.03
0.248	2.403	0.03
0.249	2.1931	0.03
0.25	2.0422	0.03
0.251	1.8726	0.03
0.252	1.7138	0.03
0.253	1.6472	0.03
0.254	1.4603	0.03
0.255	1.3468	0.03
0.256	1.2248	0.03
0.257	1.1477	0.03
0.258	1.0193	0.03
0.259	0.931101	0.03
0.26	0.867099	0.03
0.261	0.515199	0.03
0.262	-0.160997	0.03
0.263	0.244499	0.03
0.264	-0.4605	0.03
0.265	-0.446296	0.03
0.266	-0.551897	0.03
0.267	-0.237108	0.03
0.268	-0.0035	0.03
0.269	0.331693	0.03
0.27	0.415704	0.03
0.271	0.546498	0.03
0.272	0.732803	0.03
0.273	0.777097	0.03
0.274	0.8501	0.03
0.275	1.0746	0.03
0.276	1.2464	0.03
0.277	1.4205	0.03
0.278	1.4839	0.03
0.279	1.5625	0.03
0.28	1.6665	0.03
0.281	1.738	0.03
0.282	1.8238	0.03
0.283	1.931	0.03
0.284	2.0708	0.03
0.285	2.2065	0.03
0.286	2.3417	0.03
0.287	2.3986	0.03
0.288	2.4451	0.03
0.289	2.6397	0.03
0.29	2.7299	0.03
0.291	2.7565	0.03
0.292	2.7623	0.03
0.293	2.8966	0.03
0.294	2.9784	0.03
0.295	3.0736	0.03
0.296	3.1353	0.03
0.297	3.1854	0.03
0.298	3.2504	0.03
0.299	3.3126	0.03
0.3	3.3503	0.03
0.301	3.4363	0.03
0.302	3.5312	0.03
0.303	3.5704	0.03
0.304	3.6314	0.03
0.305	3.7011	0.03
0.306	3.7375	0.03
0.307	3.812	0.03
0.308	3.8815	0.03
0.309	3.9195	0.03
0.31	3.9227	0.03
0.311	3.9312	0.03
0.312	3.9975	0.03
0.313	4.0504	0.03
0.314	4.072	0.03
0.315	4.0689	0.03
0.316	4.122	0.03
0.317	4.1783	0.03
0.318	4.2238	0.03
0.319	4.2466	0.03
0.32	4.2535	0.03
0.321	4.2625	0.03
0.322	4.2564	0.03
0.323	4.2281	0.03
0.324	4.2632	0.03
0.325	4.2485	0.03
0.326	4.2498	0.03
0.327	4.2931	0.03
0.328	4.2988	0.03
0.329	4.2742	0.03
0.33	4.2663	0.03
0.331	4.2421	0.03
0.332	4.2399	0.03
0.333	4.2463	0.03
0.334	4.2393	0.03
0.335	4.1851	0.03
0.336	4.1666	0.03
0.337	4.1027	0.03
0.338	4.087	0.03
0.339	4.129	0.03
0.34	4.1237	0.03
0.341	4.0598	0.03
0.342	4.0103	0.03
0.343	4.0397	0.03
0.344	3.9981	0.03
0.345	3.9933	0.03
0.346	3.9342	0.03
0.347	3.9105	0.03
0.348	3.8954	0.03
0.349	3.9158	0.03
0.35	3.8025	0.03
0.351	3.7663	0.03
0.352	3.6993	0.03
0.353	3.6387	0.03
0.354	3.6073	0.03
0.355	3.5008	0.03
0.356	3.563	0.03
0.357	3.5391	0.03
0.358	3.5058	0.03
0.359	3.4183	0.03
0.36	3.3353	0.03
0.361	3.2829	0.03
0.362	3.1978	0.03
0.363	3.1348	0.03
0.364	3.1094	0.03
0.365	3.0207	0.03
0.366	2.9136	0.03
0.367	2.827	0.03
0.368	2.7948	0.03
0.369	2.7576	0.03
0.37	2.7808	0.03
0.371	2.6742	0.03
0.372	2.5226	0.03
0.373	2.4256	0.03
0.374	2.407	0.03
0.375	2.3838	0.03
0.376	2.297	0.03
0.377	2.0266	0.03
0.378	2.0149	0.03
0.379	1.9761	0.03
0.38	1.8163	0.03
0.381	1.8484	0.03
0.382	1.7875	0.03
0.383	1.6165	0.03
0.384	1.461	0.03
0.385	1.2729	0.03
0.386	1.3252	0.03
0.387	1.3602	0.03
0.388	1.3263	0.03
0.389	1.137	0.03
0.39	1.0615	0.03
0.391	1.0062	0.03
0.392	0.919299	0.03
0.393	0.8774	0.03
0.394	1.0166	0.03
0.395	0.8911	0.03
0.396	0.647897	0.03
0.397	-0.222194	0.03
0.398	0.552802	0.03
0.399	0.727997	0.03
0.4	0.475205	0.03
0.401	0.213892	0.03
0.402	-0.657199	0.03
0.403	-0.6634	0.03
0.404	-0.5895	0.03
0.405	-0.103779	0.03
0.406	0.5497	0.03
0.407	0.633198	0.03
0.408	-0.555401	0.03
0.409	-0.427306	0.03
0.41	0.246698	0.03
0.411	0.474004	0.03
0.412	0.797001	0.03
0.413	0.503299	0.03
0.414	0.876299	0.03
0.415	1.0006	0.03
0.416	0.885201	0.03
0.417	0.942597	0.03
0.418	0.8226	0.03
0.419	1.0143	0.03
0.42	1.1256	0.03
0.421	1.3531	0.03
0.422	1.4857	0.03
0.423	1.6149	0.03
0.424	1.6124	0.03
0.425	1.5273	0.03
0.426	1.6041	0.03
0.427	1.8921	0.03
0.428	1.9184	0.03
0.429	1.8364	0.03
0.43	1.9494	0.03
0.431	1.9902	0.03
0.432	2.0951	0.03
0.433	2.0121	0.03
0.434	1.8809	0.03
0.435	2.1681	0.03
0.436	2.3035	0.03
0.437	2.3744	0.03
0.438	2.4763	0.03
0.439	2.4371	0.03
0.44	2.4222	0.03
0.441	2.5186	0.03
0.442	2.5947	0.03
0.443	2.6566	0.03
0.444	2.7201	0.03
0.445	2.8166	0.03
0.446	2.7882	0.03
0.447	2.8518	0.03
0.448	2.9512	0.03
0.449	2.9224	0.03
0.45	2.9129	0.03
0.451	2.9491	0.03
0.452	3.1039	0.03
0.453	3.0098	0.03
0.454	3.0565	0.03
0.455	3.1506	0.03
0.456	3.2365	0.03
0.457	3.2366	0.03
0.458	3.2726	0.03
0.459	3.2629	0.03
0.46	3.3557	0.03
0.461	3.2986	0.03
0.462	3.5324	0.03
0.463	3.6113	0.03
0.464	3.6892	0.03
0.465	3.624	0.03
0.466	3.6053	0.03
0.467	3.6463	0.03
0.468	3.5639	0.03
0.469	3.637	0.03
0.47	3.6946	0.03
0.471	3.7256	0.03
0.472	3.736	0.03
0.473	3.6727	0.03
0.474	3.6839	0.03
0.475	3.7705	0.03
0.476	3.7119	0.03
0.477	3.7789	0.03
0.478	3.751	0.03
0.479	3.8589	0.03
0.48	3.8451	0.03
0.481	3.8643	0.03
0.482	3.8315	0.03
0.483	3.7686	0.03
0.484	3.8583	0.03
0.485	3.9143	0.03
0.486	3.8965	0.03
0.487	3.8456	0.03
0.488	3.721	0.03
0.489	3.6688	0.03
0.49	3.7659	0.03
0.491	3.6989	0.03
0.492	3.8881	0.03
0.493	3.9094	0.03
0.494	3.8439	0.03
0.495	3.8157	0.03
0.496	3.8383	0.03
0.497	3.8196	0.03
0.498	3.7856	0.03
0.499	3.8158	0.03
0.5	3.723	0.03
0.501	3.7298	0.03
0.502	3.6886	0.03
0.503	3.6222	0.03
0.504	3.5762	0.03
0.505	3.5686	0.03
0.506	3.5934	0.03
0.507	3.535	0.03
0.508	3.4963	0.03
0.509	3.4966	0.03
0.51	3.6212	0.03
0.511	3.52	0.03
0.512	3.3953	0.03
0.513	3.3299	0.03
0.514	3.3596	0.03
0.515	3.3869	0.03
0.516	3.219	0.03
0.517	3.138	0.03
0.518	3.036	0.03
0.519	3.0846	0.03
0.52	3.0545	0.03
0.521	3.1577	0.03
0.522	3.1561	0.03
0.523	3.1195	0.03
0.524	3.1149	0.03
0.525	3.0997	0.03
0.526	2.8478	0.03
0.527	2.5747	0.03
0.528	2.6008	0.03
0.529	2.6198	0.03
0.53	2.6557	0.03
0.531	2.6547	0.03
0.532	2.6507	0.03
0.533	2.5113	0.03
0.534	2.3917	0.03
0.535	2.611	0.03
0.536	2.3774	0.03
0.537	2.349	0.03
0.538	2.2393	0.03
0.539	2.2566	0.03
0.54	2.2928	0.03
0.541	2.2733	0.03
0.542	2.1365	0.03
0.543	1.7948	0.03
0.544	1.7563	0.03
0.545	1.8214	0.03
0.546	1.9277	0.03
0.547	1.9099	0.03
0.548	1.8428	0.03
0.549	1.8945	0.03
0.55	1.7065	0.03
0.551	1.9221	0.03
0.552	1.8603	0.03
0.553	1.6368	0.03
0.554	1.6162	0.03
0.555	1.3204	0.03
0.556	1.2186	0.03
0.557	1.3015	0.03
0.558	1.581	0.03
0.559	1.0667	0.03
0.56	0.8969	0.03
0.561	0.597796	0.03
0.562	0.993901	0.03
0.563	0.482504	0.03
0.564	0.711597	0.03
0.565	0.958301	0.03
0.566	1.0403	0.03
0.567	1.1526	0.03
0.568	0.8345	0.03
0.569	-0.508104	0.03
0.57	0.658498	0.03
0.571	0.270998	0.03
0.572	0.997402	0.03
0.573	1.1184	0.03
0.574	0.6968	0.03
0.575	1.2707	0.03
0.576	1.3496	0.03
0.577	-0.59	0.03
0.578	-0.870597	0.03
0.579	-1.3009	0.03
0.58	-1.0787	0.03
0.581	-1.2231	0.03
0.582	-0.9205	0.03
0.583	-0.962502	0.03
0.584	-1.1491	0.03
0.585	-1.0043	0.03
0.586	-1.5527	0.03
0.587	-1.3906	0.03
0.588	-1.2442	0.03
0.589	-1.0464	0.03
0.59	0.281603	0.03
0.591	0.660999	0.03
0.592	-0.478999	0.03
0.593	-0.805003	0.03
0.594	-0.664101	0.03
0.595	0.916199	0.03
0.596	0.894701	0.03
0.597	-0.697503	0.03
0.598	-0.9882	0.03
0.599	-1.1162	0.03
0.6	-0.607503	0.3
0.601	0.3705	0.3
0.602	-0.821803	0.3
0.603	-0.692098	0.3
0.604	-1.0532	0.3
0.605	-0.966701	0.3
0.606	-0.62	0.3
0.607	-1.1206	0.3
0.608	-0.272195	0.3
0.609	-0.8995	0.3
0.61	-1.3623	0.3
0.611	-0.7956	0.3
0.612	-0.245906	0.3
0.613	-0.264102	0.3
0.614	0.388703	0.3
0.615	0.863499	0.3
0.616	-0.858103	0.3
0.617	-0.9089	0.3
0.618	-0.857298	0.3
0.619	-1.1224	0.3
0.62	-1.0593	0.3
0.621	-0.588999	0.3
0.622	-0.866302	0.3
0.623	0.443802	0.3
0.624	-0.554698	0.3
0.625	-1.1989	0.3
0.626	-0.508901	0.3
0.627	-0.277092	0.3
0.628	0.660303	0.3
0.629	1.194	0.3
0.63	1.3121	0.3
0.631	0.824603	0.3
0.632	-0.314897	0.3
0.633	0.740101	0.3
0.634	1.0297	0.3
0.635	1.5449	0.3
0.636	1.6126	0.3
0.637	1.1067	0.3
0.638	0.428404	0.3
0.639	0.878903	0.3
0.64	1.3311	0.3
0.641	1.2413	0.3
0.642	0.990798	0.3
0.643	-0.997702	0.3
0.644	-1.3994	0.3
0.645	-0.454302	0.3
0.646	0.622198	0.3
0.647	0.8969	0.3
0.648	0.820999	0.3
0.649	-0.390999	0.3
0.65	-0.380197	0.3
0.651	-0.703498	0.3
0.652	-0.164499	0.3
0.653	-0.683001	0.3
0.654	0.642199	0.3
0.655	0.880699	0.3
0.656	0.682298	0.3
0.657	-0.378299	0.3
0.658	1.0221	0.3
0.659	-0.4155	0.3
0.66	-0.793801	0.3
0.661	-0.886002	0.3
0.662	-1.3723	0.3
0.663	-1.2686	0.3
0.664	-1.3206	0.3
0.665	0.830199	0.3
0.666	-0.659303	0.3
0.667	1.2695	0.3
0.668	0.763001	0.3
0.669	-0.383106	0.3
0.67	0.307099	0.3
0.671	0.308998	0.3
0.672	-0.851499	0.3
0.673	-0.410695	0.3
0.674	1.1816	0.3
0.675	1.3115	0.3
0.676	0.952701	0.3
0.677	0.5345	0.3
0.678	0.268403	0.3
0.679	0.706803	0.3
0.68	1.0827	0.3
0.681	1.3961	0.3
0.682	-0.837902	0.3
0.683	-0.514995	0.3
0.684	-1.0219	0.3
0.685	-0.8749	0.3
0.686	-0.638498	0.3
0.687	-1.1137	0.3
0.688	-0.825603	0.3
0.689	-1.3757	0.3
0.69	-1.1955	0.3
0.691	-1.1519	0.3
0.692	-0.7494	0.3
0.693	0.168196	0.3
0.694	-0.737597	0.3
0.695	-0.587401	0.3
0.696	-0.502902	0.3
0.697	-0.416605	0.3
0.698	0.715598	0.3
0.699	0.724403	0.3
0.7	1.5036	0.3
0.701	1.3327	0.3
0.702	0.6545	0.3
0.703	-0.487596	0.3
0.704	1.2594	0.3
0.705	0.596104	0.3
0.706	1.0972	0.3
0.707	1.2494	0.3
0.708	0.8118	0.3
0.709	0.681696	0.3
0.71	0.8469	0.3
0.711	0.263704	0.3
0.712	0.6499	0.3
0.713	-1.2128	0.3
0.714	-0.760197	0.3
0.715	-0.923298	0.3
0.716	-1.1078	0.3
0.717	-1.103	0.3
0.718	-1.3619	0.3
0.719	-0.8455	0.3
0.72	-0.0946044	0.3
0.721	0.734901	0.3
0.722	1.3829	0.3
0.723	-1.1381	0.3
0.724	-0.633703	0.3
0.725	0.739703	0.3
0.726	-0.9687	0.3
0.727	-1.1949	0.3
0.728	0.573202	0.3
0.729	-1.0851	0.3
0.73	-0.174011	0.3
0.731	-0.752801	0.3
0.732	0.635098	0.3
0.733	0.997502	0.3
0.734	1.2561	0.3
0.735	1.0685	0.3
0.736	-0.678904	0.3
0.737	0.398598	0.3
0.738	1.067	0.3
0.739	-0.11371	0.3
0.74	1.0454	0.3
0.741	0.630103	0.3
0.742	1.1552	0.3
0.743	1.1394	0.3
0.744	1.0447	0.3
0.745	0.8945	0.3
0.746	1.1527	0.3
0.747	0.519095	0.3
0.748	-1.4358	0.3
0.749	-0.593001	0.3
0.75	1.8092	0.3
0.751	1.9543	0.3
0.752	1.0939	0.3
0.753	0.277399	0.3
0.754	-1.2474	0.3
0.755	-0.7499	0.3
0.756	-0.218105	0.3
0.757	-1.1735	0.3
0.758	-1.1074	0.3
0.759	-0.4747	0.3
0.76	-1.1898	0.3
0.761	-0.806102	0.3
0.762	-0.630603	0.3
0.763	-1.6038	0.3
0.764	-1.2744	0.3
0.765	-0.620596	0.3
0.766	-0.254106	0.3
0.767	0.481196	0.3
0.768	0.346006	0.3
0.769	-1.0218	0.3
0.77	-1.2039	0.3
0.771	-1.1399	0.3
0.772	-1.0718	0.3
0.773	-0.615703	0.3
0.774	-0.857199	0.3
0.775	0.691397	0.3
0.776	-0.289603	0.3
0.777	-1.4762	0.3
0.778	-1.4176	0.3
0.779	-1.1475	0.3
0.78	-0.801299	0.3
0.781	-0.793202	0.3
0.782	-0.757199	0.3
0.783	-1.3676	0.3
0.784	-1.6682	0.3
0.785	-1.4802	0.3
0.786	0.9498	0.3
0.787	1.5007	0.3
0.788	1.365	0.3
0.789	1.3107	0.3
0.79	0.8008	0.3
0.791	1.6387	0.3
0.792	1.6098	0.3
0.793	1.0058	0.3
0.794	1.2137	0.3
0.795	0.0438178	0.3
0.796	-1.1188	0.3
0.797	1.408	0.3
0.798	1.4131	0.3
0.799	1.7235	0.3
0.8	1.6085	0.3
0.801	1.1158	0.3
0.802	-0.826299	0.3
0.803	0.718902	0.3
0.804	-0.681403	0.3
0.805	-0.888099	0.3
0.806	-1.1825	0.3
0.807	1.1895	0.3
0.808	0.624099	0.3
0.809	-0.763702	0.3
0.81	-0.914801	0.3
0.811	-1.1135	0.3
0.812	-1.868	0.3
0.813	-2.3337	0.3
0.814	-2.5726	0.3
0.815	-2.1161	0.3
0.816	-2.3674	0.3
0.817	-2.929	0.3
0.818	-2.6334	0.3
0.819	-2.7976	0.3
0.82	-3.3426	0.3
