  0.0000  42.87064057
  0.0010  42.89046080
  0.0020  42.94991251
  0.0030  43.04896880
  0.0040  43.18758482
  0.0050  43.36569784
  0.0060  43.58322724
  0.0070  43.84007453
  0.0080  44.13612346
  0.0090  44.47124000
  0.0100  44.84527244
  0.0110  45.25805143
  0.0120  45.70939008
  0.0130  46.19908402
  0.0140  46.72691150
  0.0150  47.29263347
  0.0160  47.89599372
  0.0170  48.53671894
  0.0180  49.21451889
  0.0190  49.92908649
  0.0200  50.68009797
  0.0210  51.46721301
  0.0220  52.29007487
  0.0230  53.14831058
  0.0240  54.04153106
  0.0250  54.96933133
  0.0260  55.93129065
  0.0270  56.92697272
  0.0280  57.95592587
  0.0290  59.01768326
  0.0300  60.11176308
  0.0310  61.23766873
  0.0320  62.39488908
  0.0330  63.58289868
  0.0340  64.80115795
  0.0350  66.04911348
  0.0360  67.32619821
  0.0370  68.63183171
  0.0380  69.96542040
  0.0390  71.32635787
  0.0400  72.71402505
  0.0410  74.12779057
  0.0420  75.56701097
  0.0430  77.03103102
  0.0440  78.51918396
  0.0450  80.03079183
  0.0460  81.56516575
  0.0470  83.12160619
  0.0480  84.69940333
  0.0490  86.29783731
  0.0500  87.91617857
  0.0510  89.55368816
  0.0520  91.20961808
  0.0530  92.88321155
  0.0540  94.57370339
  0.0550  96.28032033
  0.0560  98.00228133
  0.0570  99.73879794
  0.0580  101.48907465
  0.0590  103.25230917
  0.0600  105.02769287
  0.0610  106.81441103
  0.0620  108.61164327
  0.0630  110.41856387
  0.0640  112.23434213
  0.0650  114.05814271
  0.0660  115.88912601
  0.0670  117.72644854
  0.0680  119.56926326
  0.0690  121.41671996
  0.0700  123.26796560
  0.0710  125.12214470
  0.0720  126.97839973
  0.0730  128.83587141
  0.0740  130.69369915
  0.0750  132.55102136
  0.0760  134.40697586
  0.0770  136.26070024
  0.0780  138.11133223
  0.0790  139.95801003
  0.0800  141.79987275
  0.0810  143.63606072
  0.0820  145.46571588
  0.0830  147.28798215
  0.0840  149.10200579
  0.0850  150.90693574
  0.0860  152.70192404
  0.0870  154.48612612
  0.0880  156.25870124
  0.0890  158.01881275
  0.0900  159.76562854
  0.0910  161.49832135
  0.0920  163.21606909
  0.0930  164.91805526
  0.0940  166.60346924
  0.0950  168.27150666
  0.0960  169.92136971
  0.0970  171.55226752
  0.0980  173.16341647
  0.0990  174.75404052
  0.1000  176.32337154
  0.1010  177.87064963
  0.1020  179.39512344
  0.1030  180.89605052
  0.1040  182.37269755
  0.1050  183.82434074
  0.1060  185.25026607
  0.1070  186.64976963
  0.1080  188.02215786
  0.1090  189.36674790
  0.1100  190.68286785
  0.1110  191.96985703
  0.1120  193.22706629
  0.1130  194.45385824
  0.1140  195.64960755
  0.1150  196.81370119
  0.1160  197.94553868
  0.1170  199.04453237
  0.1180  200.11010761
  0.1190  201.14170307
  0.1200  202.13877092
  0.1210  203.10077706
  0.1220  204.02720133
  0.1230  204.91753776
  0.1240  205.77129473
  0.1250  206.58799519
  0.1260  207.36717687
  0.1270  208.10839240
  0.1280  208.81120958
  0.1290  209.47521148
  0.1300  210.09999664
  0.1310  210.68517923
  0.1320  211.23038916
  0.1330  211.73527230
  0.1340  212.19949054
  0.1350  212.62272197
  0.1360  213.00466100
  0.1370  213.34501845
  0.1380  213.64352167
  0.1390  213.89991467
  0.1400  214.11395816
  0.1410  214.28542971
  0.1420  214.41412375
  0.1430  214.49985171
  0.1440  214.54244203
  0.1450  214.54174027
  0.1460  214.49760913
  0.1470  214.40992848
  0.1480  214.27859545
  0.1490  214.10352438
  0.1500  213.88464691
  0.1510  213.62191196
  0.1520  213.31528575
  0.1530  212.96475177
  0.1540  212.57031081
  0.1550  212.13198091
  0.1560  211.64979736
  0.1570  211.12381267
  0.1580  210.55409649
  0.1590  209.94073561
  0.1600  209.28383391
  0.1610  208.58351226
  0.1620  207.83990847
  0.1630  207.05317723
  0.1640  206.22349001
  0.1650  205.35103498
  0.1660  204.43601691
  0.1670  203.47865707
  0.1680  202.47919311
  0.1690  201.43787896
  0.1700  200.35498470
  0.1710  199.23079640
  0.1720  198.06561606
  0.1730  196.85976136
  0.1740  195.61356560
  0.1750  194.32737750
  0.1760  193.00156105
  0.1770  191.63649533
  0.1780  190.23257435
  0.1790  188.79020685
  0.1800  187.30981614
  0.1810  185.79183986
  0.1820  184.23672985
  0.1830  182.64495187
  0.1840  181.01698545
  0.1850  179.35332362
  0.1860  177.65447275
  0.1870  175.92095227
  0.1880  174.15329446
  0.1890  172.35204422
  0.1900  170.51775883
  0.1910  168.65100767
  0.1920  166.75237200
  0.1930  164.82244471
  0.1940  162.86183003
  0.1950  160.87114330
  0.1960  158.85101066
  0.1970  156.80206881
  0.1980  154.72496473
  0.1990  152.62035539
  0.2000  150.48890746
  0.2010  148.33129703
  0.2020  146.14820934
  0.2030  143.94033843
  0.2040  141.70838691
  0.2050  139.45306560
  0.2060  137.17509327
  0.2070  134.87519632
  0.2080  132.55410845
  0.2090  130.21257037
  0.2100  127.85132951
  0.2110  125.47113965
  0.2120  123.07276064
  0.2130  120.65695808
  0.2140  118.22450298
  0.2150  115.77617146
  0.2160  113.31274442
  0.2170  110.83500719
  0.2180  108.34374925
  0.2190  105.83976387
  0.2200  103.32384780
  0.2210  100.79680093
  0.2220  98.25942597
  0.2230  95.71252813
  0.2240  93.15691476
  0.2250  90.59339509
  0.2260  88.02277981
  0.2270  85.44588083
  0.2280  82.86351092
  0.2290  80.27648337
  0.2300  77.68561171
  0.2310  75.09170934
  0.2320  72.49558927
  0.2330  69.89806377
  0.2340  67.29994408
  0.2350  64.70204009
  0.2360  62.10516007
  0.2370  59.51011034
  0.2380  56.91769503
  0.2390  54.32871581
  0.2400  51.74397160
  0.2410  49.16425839
  0.2420  46.59036903
  0.2430  44.02309302
  0.2440  41.46321649
  0.2450  38.91152207
  0.2460  36.36878906
  0.2470  33.83579361
  0.2480  31.31330929
  0.2490  28.80210793
  0.2500  26.30296123
  0.2510  23.81664345
  0.2520  21.34393612
  0.2530  18.88563648
  0.2540  16.44257360
  0.2550  14.01564093
  0.2560  11.60586900
  0.2570  9.21460926
  0.2580  6.84409443
  0.2590  4.49972932
  0.2600  2.20667903
  0.2610  0.66282940
  0.2620  2.58444943
  0.2630  4.82722249
  0.2640  7.07183949
  0.2650  9.30058076
  0.2660  11.50906577
  0.2670  13.69538582
  0.2680  15.85837518
  0.2690  17.99715978
  0.2700  20.11100318
  0.2710  22.19924405
  0.2720  24.26126752
  0.2730  26.29649085
  0.2740  28.30435569
  0.2750  30.28432374
  0.2760  32.23587421
  0.2770  34.15850221
  0.2780  36.05171785
  0.2790  37.91504560
  0.2800  39.74802396
  0.2810  41.55020522
  0.2820  43.32115532
  0.2830  45.06045382
  0.2840  46.76769386
  0.2850  48.44248217
  0.2860  50.08443911
  0.2870  51.69319869
  0.2880  53.26840862
  0.2890  54.80973040
  0.2900  56.31683930
  0.2910  57.78942448
  0.2920  59.22718900
  0.2930  60.62984990
  0.2940  61.99713821
  0.2950  63.32879902
  0.2960  64.62459148
  0.2970  65.88428889
  0.2980  67.10767868
  0.2990  68.29456242
  0.3000  69.44475592
  0.3010  70.55808912
  0.3020  71.63440620
  0.3030  72.67356553
  0.3040  73.67543967
  0.3050  74.63991537
  0.3060  75.56689352
  0.3070  76.45628920
  0.3080  77.30803155
  0.3090  78.12206384
  0.3100  78.89834335
  0.3110  79.63684138
  0.3120  80.33754314
  0.3130  81.00044778
  0.3140  81.62556822
  0.3150  82.21293120
  0.3160  82.76257710
  0.3170  83.27455992
  0.3180  83.74894721
  0.3190  84.18581993
  0.3200  84.58527239
  0.3210  84.94741215
  0.3220  85.27235989
  0.3230  85.56024936
  0.3240  85.81122717
  0.3250  86.02545278
  0.3260  86.20309828
  0.3270  86.34434834
  0.3280  86.44940001
  0.3290  86.51846262
  0.3300  86.55175764
  0.3310  86.54951853
  0.3320  86.51199054
  0.3330  86.43943065
  0.3340  86.33210731
  0.3350  86.19030035
  0.3360  86.01430078
  0.3370  85.80441062
  0.3380  85.56094273
  0.3390  85.28422062
  0.3400  84.97457829
  0.3410  84.63236003
  0.3420  84.25792021
  0.3430  83.85162312
  0.3440  83.41384278
  0.3450  82.94496270
  0.3460  82.44537570
  0.3470  81.91548372
  0.3480  81.35569759
  0.3490  80.76643682
  0.3500  80.14812940
  0.3510  79.50121159
  0.3520  78.82612768
  0.3530  78.12332979
  0.3540  77.39327761
  0.3550  76.63643826
  0.3560  75.85328595
  0.3570  75.04430184
  0.3580  74.20997380
  0.3590  73.35079613
  0.3600  72.46726937
  0.3610  71.55990005
  0.3620  70.62920047
  0.3630  69.67568845
  0.3640  68.69988708
  0.3650  67.70232453
  0.3660  66.68353376
  0.3670  65.64405229
  0.3680  64.58442200
  0.3690  63.50518883
  0.3700  62.40690260
  0.3710  61.29011671
  0.3720  60.15538794
  0.3730  59.00327622
  0.3740  57.83434433
  0.3750  56.64915772
  0.3760  55.44828425
  0.3770  54.23229394
  0.3780  53.00175875
  0.3790  51.75725234
  0.3800  50.49934981
  0.3810  49.22862751
  0.3820  47.94566277
  0.3830  46.65103369
  0.3840  45.34531890
  0.3850  44.02909734
  0.3860  42.70294804
  0.3870  41.36744989
  0.3880  40.02318143
  0.3890  38.67072067
  0.3900  37.31064482
  0.3910  35.94353016
  0.3920  34.56995179
  0.3930  33.19048352
  0.3940  31.80569764
  0.3950  30.41616481
  0.3960  29.02245394
  0.3970  27.62513206
  0.3980  26.22476430
  0.3990  24.82191387
  0.4000  23.41714213
  0.4010  22.01100881
  0.4020  20.60407232
  0.4030  19.19689033
  0.4040  17.79002077
  0.4050  16.38402334
  0.4060  14.97946198
  0.4070  13.57690911
  0.4080  12.17695263
  0.4090  10.78020866
  0.4100  9.38734546
  0.4110  7.99913218
  0.4120  6.61654806
  0.4130  5.24106170
  0.4140  3.87549473
  0.4150  2.52762848
  0.4160  1.23689972
  0.4170  0.62478109
  0.4180  1.70680469
  0.4190  3.00610864
  0.4200  4.32372474
  0.4210  5.64058819
  0.4220  6.95174210
  0.4230  8.25512587
  0.4240  9.54958485
  0.4250  10.83432528
  0.4260  12.10872287
  0.4270  13.37224367
  0.4280  14.62440728
  0.4290  15.86476813
  0.4300  17.09290530
  0.4310  18.30841671
  0.4320  19.51091561
  0.4330  20.70002841
  0.4340  21.87539329
  0.4350  23.03665926
  0.4360  24.18348565
  0.4370  25.31554159
  0.4380  26.43250585
  0.4390  27.53406656
  0.4400  28.61992118
  0.4410  29.68977633
  0.4420  30.74334783
  0.4430  31.78036058
  0.4440  32.80054861
  0.4450  33.80365505
  0.4460  34.78943213
  0.4470  35.75764118
  0.4480  36.70805263
  0.4490  37.64044604
  0.4500  38.55461008
  0.4510  39.45034255
  0.4520  40.32745038
  0.4530  41.18574964
  0.4540  42.02506550
  0.4550  42.84523228
  0.4560  43.64609343
  0.4570  44.42750148
  0.4580  45.18931808
  0.4590  45.93141395
  0.4600  46.65366889
  0.4610  47.35597173
  0.4620  48.03822032
  0.4630  48.70032148
  0.4640  49.34219101
  0.4650  49.96375361
  0.4660  50.56494287
  0.4670  51.14570122
  0.4680  51.70597985
  0.4690  52.24573874
  0.4700  52.76494653
  0.4710  53.26358048
  0.4720  53.74162647
  0.4730  54.19907885
  0.4740  54.63594045
  0.4750  55.05222244
  0.4760  55.44794433
  0.4770  55.82313385
  0.4780  56.17782690
  0.4790  56.51206744
  0.4800  56.82590741
  0.4810  57.11940669
  0.4820  57.39263296
  0.4830  57.64566161
  0.4840  57.87857569
  0.4850  58.09146577
  0.4860  58.28442986
  0.4870  58.45757329
  0.4880  58.61100865
  0.4890  58.74485561
  0.4900  58.85924091
  0.4910  58.95429814
  0.4920  59.03016772
  0.4930  59.08699672
  0.4940  59.12493879
  0.4950  59.14415399
  0.4960  59.14480873
  0.4970  59.12707560
  0.4980  59.09113326
  0.4990  59.03716631
  0.5000  58.96536517
  0.5010  58.87592596
  0.5020  58.76905033
  0.5030  58.64494537
  0.5040  58.50382345
  0.5050  58.34590210
  0.5060  58.17140387
  0.5070  57.98055618
  0.5080  57.77359120
  0.5090  57.55074570
  0.5100  57.31226090
  0.5110  57.05838235
  0.5120  56.78935978
  0.5130  56.50544696
  0.5140  56.20690152
  0.5150  55.89398487
  0.5160  55.56696201
  0.5170  55.22610139
  0.5180  54.87167478
  0.5190  54.50395712
  0.5200  54.12322634
  0.5210  53.72976327
  0.5220  53.32385147
  0.5230  52.90577705
  0.5240  52.47582857
  0.5250  52.03429689
  0.5260  51.58147498
  0.5270  51.11765782
  0.5280  50.64314224
  0.5290  50.15822677
  0.5300  49.66321149
  0.5310  49.15839789
  0.5320  48.64408875
  0.5330  48.12058794
  0.5340  47.58820034
  0.5350  47.04723166
  0.5360  46.49798831
  0.5370  45.94077723
  0.5380  45.37590583
  0.5390  44.80368175
  0.5400  44.22441280
  0.5410  43.63840677
  0.5420  43.04597135
  0.5430  42.44741392
  0.5440  41.84304150
  0.5450  41.23316055
  0.5460  40.61807690
  0.5470  39.99809554
  0.5480  39.37352059
  0.5490  38.74465510
  0.5500  38.11180094
  0.5510  37.47525869
  0.5520  36.83532754
  0.5530  36.19230510
  0.5540  35.54648737
  0.5550  34.89816854
  0.5560  34.24764095
  0.5570  33.59519490
  0.5580  32.94111862
  0.5590  32.28569810
  0.5600  31.62921701
  0.5610  30.97195659
  0.5620  30.31419553
  0.5630  29.65620991
  0.5640  28.99827307
  0.5650  28.34065552
  0.5660  27.68362483
  0.5670  27.02744558
  0.5680  26.37237923
  0.5690  25.71868405
  0.5700  25.06661504
  0.5710  24.41642383
  0.5720  23.76835863
  0.5730  23.12266413
  0.5740  22.47958142
  0.5750  21.83934794
  0.5760  21.20219741
  0.5770  20.56835975
  0.5780  19.93806104
  0.5790  19.31152344
  0.5800  18.68896514
  0.5810  18.07060032
  0.5820  17.45663912
  0.5830  16.84728755
  0.5840  16.24274750
  0.5850  15.64321669
  0.5860  15.04888866
  0.5870  14.45995271
  0.5880  13.87659397
  0.5890  13.29899334
  0.5900  12.72732752
  0.5910  12.16176906
  0.5920  11.60248639
  0.5930  11.04964391
  0.5940  10.50340207
  0.5950  9.96391751
  0.5960  9.43134331
  0.5970  8.90582914
  0.5980  8.38752170
  0.5990  7.87656516
  0.6000  7.37310178
  0.6010  6.87727282
  0.6020  6.38921979
  0.6030  5.90908621
  0.6040  5.43702022
  0.6050  4.97317845
  0.6060  4.51773195
  0.6070  4.07087562
  0.6080  3.63284370
  0.6090  3.20393651
  0.6100  2.78456900
  0.6110  2.37536502
  0.6120  1.97735574
  0.6130  1.59244256
  0.6140  1.22462899
  0.6150  0.88389136
  0.6160  0.60049939
  0.6170  0.46702861
  0.6180  0.57839505
  0.6190  0.83124163
  0.6200  1.12643302
  0.6210  1.43181039
  0.6220  1.73693683
  0.6230  2.03769422
  0.6240  2.33217205
  0.6250  2.61937262
  0.6260  2.89872819
  0.6270  3.16989518
  0.6280  3.43265681
  0.6290  3.68687306
  0.6300  3.93245322
  0.6310  4.16933998
  0.6320  4.39749974
  0.6330  4.61691648
  0.6340  4.82758782
  0.6350  5.02952224
  0.6360  5.22273726
  0.6370  5.40725809
  0.6380  5.58311667
  0.6390  5.75035090
  0.6400  5.90900415
  0.6410  6.05912475
  0.6420  6.20076572
  0.6430  6.33398443
  0.6440  6.45884238
  0.6450  6.57540502
  0.6460  6.68374154
  0.6470  6.78392474
  0.6480  6.87603088
  0.6490  6.96013956
  0.6500  7.03633359
  0.6510  7.10469890
  0.6520  7.16532441
  0.6530  7.21830193
  0.6540  7.26372611
  0.6550  7.30169426
  0.6560  7.33230634
  0.6570  7.35566482
  0.6580  7.37187461
  0.6590  7.38104298
  0.6600  7.38327943
  0.6610  7.37869566
  0.6620  7.36740547
  0.6630  7.34952462
  0.6640  7.32517084
  0.6650  7.29446366
  0.6660  7.25752439
  0.6670  7.21447597
  0.6680  7.16544297
  0.6690  7.11055143
  0.6700  7.04992884
  0.6710  6.98370400
  0.6720  6.91200698
  0.6730  6.83496905
  0.6740  6.75272253
  0.6750  6.66540080
  0.6760  6.57313816
  0.6770  6.47606975
  0.6780  6.37433154
  0.6790  6.26806015
  0.6800  6.15739287
  0.6810  6.04246750
  0.6820  5.92342236
  0.6830  5.80039614
  0.6840  5.67352788
  0.6850  5.54295687
  0.6860  5.40882260
  0.6870  5.27126468
  0.6880  5.13042279
  0.6890  4.98643659
  0.6900  4.83944568
  0.6910  4.68958957
  0.6920  4.53700756
  0.6930  4.38183877
  0.6940  4.22422204
  0.6950  4.06429596
  0.6960  3.90219878
  0.6970  3.73806847
  0.6980  3.57204270
  0.6990  3.40425888
  0.7000  3.23485425
  0.7010  3.06396600
  0.7020  2.89173146
  0.7030  2.71828838
  0.7040  2.54377542
  0.7050  2.36833275
  0.7060  2.19210314
  0.7070  2.01523352
  0.7080  1.83787756
  0.7090  1.66019985
  0.7100  1.48238325
  0.7110  1.30464204
  0.7120  1.12724757
  0.7130  0.95058202
  0.7140  0.77526387
  0.7150  0.60248506
  0.7160  0.43511023
  0.7170  0.28235187
  0.7180  0.18364639
  0.7190  0.22518962
  0.7200  0.36042451
  0.7210  0.51999833
  0.7220  0.68639222
  0.7230  0.85494240
  0.7240  1.02394292
  0.7250  1.19259941
  0.7260  1.36046814
  0.7270  1.52726327
  0.7280  1.69277894
  0.7290  1.85685375
  0.7300  2.01935310
  0.7310  2.18015964
  0.7320  2.33916787
  0.7330  2.49628089
  0.7340  2.65140843
  0.7350  2.80446553
  0.7360  2.95537173
  0.7370  3.10405041
  0.7380  3.25042848
  0.7390  3.39443605
  0.7400  3.53600622
  0.7410  3.67507495
  0.7420  3.81158094
  0.7430  3.94546555
  0.7440  4.07667274
  0.7450  4.20514900
  0.7460  4.33084332
  0.7470  4.45370718
  0.7480  4.57369449
  0.7490  4.69076158
  0.7500  4.80486717
  0.7510  4.91597236
  0.7520  5.02404064
  0.7530  5.12903780
  0.7540  5.23093199
  0.7550  5.32969366
  0.7560  5.42529556
  0.7570  5.51771272
  0.7580  5.60692241
  0.7590  5.69290419
  0.7600  5.77563980
  0.7610  5.85511321
  0.7620  5.93131058
  0.7630  6.00422023
  0.7640  6.07383262
  0.7650  6.14014035
  0.7660  6.20313812
  0.7670  6.26282270
  0.7680  6.31919291
  0.7690  6.37224963
  0.7700  6.42199572
  0.7710  6.46843601
  0.7720  6.51157730
  0.7730  6.55142831
  0.7740  6.58799964
  0.7750  6.62130378
  0.7760  6.65135504
  0.7770  6.67816952
  0.7780  6.70176513
  0.7790  6.72216148
  0.7800  6.73937993
  0.7810  6.75344347
  0.7820  6.76437678
  0.7830  6.77220612
  0.7840  6.77695932
  0.7850  6.77866576
  0.7860  6.77735633
  0.7870  6.77306337
  0.7880  6.76582065
  0.7890  6.75566335
  0.7900  6.74262800
  0.7910  6.72675245
  0.7920  6.70807581
  0.7930  6.68663848
  0.7940  6.66248201
  0.7950  6.63564916
  0.7960  6.60618381
  0.7970  6.57413090
  0.7980  6.53953646
  0.7990  6.50244751
  0.8000  6.46291205
  0.8010  6.42097901
  0.8020  6.37669821
  0.8030  6.33012033
  0.8040  6.28129686
  0.8050  6.23028009
  0.8060  6.17712300
  0.8070  6.12187932
  0.8080  6.06460341
  0.8090  6.00535026
  0.8100  5.94417544
  0.8110  5.88113506
  0.8120  5.81628574
  0.8130  5.74968459
  0.8140  5.68138911
  0.8150  5.61145723
  0.8160  5.53994721
  0.8170  5.46691767
  0.8180  5.39242747
  0.8190  5.31653575
  0.8200  5.23930185
  0.8210  5.16078532
  0.8220  5.08104583
  0.8230  5.00014316
  0.8240  4.91813720
  0.8250  4.83508788
  0.8260  4.75105514
  0.8270  4.66609892
  0.8280  4.58027913
  0.8290  4.49365560
  0.8300  4.40628808
  0.8310  4.31823620
  0.8320  4.22955945
  0.8330  4.14031714
  0.8340  4.05056842
  0.8350  3.96037223
  0.8360  3.86978727
  0.8370  3.77887202
  0.8380  3.68768471
  0.8390  3.59628332
  0.8400  3.50472554
  0.8410  3.41306880
  0.8420  3.32137028
  0.8430  3.22968687
  0.8440  3.13807522
  0.8450  3.04659174
  0.8460  2.95529261
  0.8470  2.86423385
  0.8480  2.77347132
  0.8490  2.68306077
  0.8500  2.59305795
  0.8510  2.50351865
  0.8520  2.41449878
  0.8530  2.32605456
  0.8540  2.23824258
  0.8550  2.15112005
  0.8560  2.06474498
  0.8570  1.97917646
  0.8580  1.89447500
  0.8590  1.81070291
  0.8600  1.72792482
  0.8610  1.64620828
  0.8620  1.56562454
  0.8630  1.48624952
  0.8640  1.40816498
  0.8650  1.33146006
  0.8660  1.25623316
  0.8670  1.18259445
  0.8680  1.11066886
  0.8690  1.04060015
  0.8700  0.97255584
  0.8710  0.90673369
  0.8720  0.84336972
  0.8730  0.78274804
  0.8740  0.72521265
  0.8750  0.67118037
  0.8760  0.62115341
  0.8770  0.57572742
  0.8780  0.53558806
  0.8790  0.50148488
  0.8800  0.47416967
  0.8810  0.45429261
  0.8820  0.44226846
  0.8830  0.43815326
  0.8840  0.44158702
  0.8850  0.45183594
  0.8860  0.46791697
  0.8870  0.48874968
  0.8880  0.51328291
  0.8890  0.54057238
  0.8900  0.56981293
  0.8910  0.60034004
  0.8920  0.63161571
  0.8930  0.66320866
  0.8940  0.69477445
  0.8950  0.72603795
  0.8960  0.75677875
  0.8970  0.78681963
  0.8980  0.81601740
  0.8990  0.84425584
  0.9000  0.87144026
  0.9010  0.89749320
  0.9020  0.92235119
  0.9030  0.94596216
  0.9040  0.96828345
  0.9050  0.98928017
  0.9060  1.00892401
  0.9070  1.02719218
  0.9080  1.04406665
  0.9090  1.05953344
  0.9100  1.07358213
  0.9110  1.08620540
  0.9120  1.09739869
  0.9130  1.10715988
  0.9140  1.11548904
  0.9150  1.12238824
  0.9160  1.12786136
  0.9170  1.13191394
  0.9180  1.13455304
  0.9190  1.13578717
  0.9200  1.13562612
  0.9210  1.13408098
  0.9220  1.13116397
  0.9230  1.12688845
  0.9240  1.12126884
  0.9250  1.11432059
  0.9260  1.10606010
  0.9270  1.09650475
  0.9280  1.08567285
  0.9290  1.07358362
  0.9300  1.06025717
  0.9310  1.04571451
  0.9320  1.02997759
  0.9330  1.01306923
  0.9340  0.99501322
  0.9350  0.97583434
  0.9360  0.95555836
  0.9370  0.93421220
  0.9380  0.91182394
  0.9390  0.88842296
  0.9400  0.86404013
  0.9410  0.83870794
  0.9420  0.81246082
  0.9430  0.78533541
  0.9440  0.75737101
  0.9450  0.72861013
  0.9460  0.69909918
  0.9470  0.66888946
  0.9480  0.63803842
  0.9490  0.60661136
  0.9500  0.57468379
  0.9510  0.54234465
  0.9520  0.50970081
  0.9530  0.47688345
  0.9540  0.44405715
  0.9550  0.41143297
  0.9560  0.37928734
  0.9570  0.34798920
  0.9580  0.31803790
  0.9590  0.29011297
  0.9600  0.26512971
  0.9610  0.24427580
  0.9620  0.22896890
  0.9630  0.22064650
  0.9640  0.22036326
  0.9650  0.22838314
  0.9660  0.24409026
  0.9670  0.26629601
  0.9680  0.29366775
  0.9690  0.32501412
  0.9700  0.35938494
  0.9710  0.39606254
  0.9720  0.43451563
  0.9730  0.47435113
  0.9740  0.51527515
  0.9750  0.55706431
  0.9760  0.59954542
  0.9770  0.64258142
  0.9780  0.68606147
  0.9790  0.72989407
  0.9800  0.77400215
  0.9810  0.81831963
  0.9820  0.86278880
  0.9830  0.90735853
  0.9840  0.95198289
  0.9850  0.99662007
  0.9860  1.04123164
  0.9870  1.08578195
  0.9880  1.13023764
  0.9890  1.17456731
  0.9900  1.21874121
  0.9910  1.26273106
  0.9920  1.30650981
  0.9930  1.35005156
  0.9940  1.39333139
  0.9950  1.43632530
  0.9960  1.47901015
  0.9970  1.52136354
  0.9980  1.56336382
  0.9990  1.60499000
