#q[1/A]     |F(q)|[e/A^2]
     0.06519090             1.090029
     0.06620710             1.126513
     0.06722350             1.163092
     0.06823970             1.199740
     0.06925590             1.236443
     0.07027210             1.273183
     0.07128830             1.309945
     0.07230450             1.346703
     0.07332070             1.383444
     0.07433700             1.420147
     0.07535320             1.456800
     0.07636940             1.493376
     0.07738560             1.529861
     0.07840190             1.566239
     0.07941820             1.602489
     0.08043440             1.638593
     0.08145060             1.674534
     0.08246680             1.710296
     0.08348300             1.745859
     0.08449920             1.781204
     0.08551540             1.816316
     0.08653180             1.851181
     0.08754800             1.885774
     0.08856420             1.920083
     0.08958030             1.954089
     0.09059670             1.987781
     0.09161290             2.021133
     0.09262910             2.054135
     0.09364530             2.086770
     0.09466150             2.119021
     0.09567770             2.150871
     0.09669390             2.182307
     0.09771020             2.213313
     0.09872650             2.243873
     0.09974270             2.273972
      0.1007590             2.303600
      0.1017750             2.332728
      0.1027910             2.361353
      0.1038080             2.389488
      0.1048240             2.417063
      0.1058400             2.444094
      0.1068560             2.470569
      0.1078725             2.496484
      0.1088890             2.521817
      0.1099050             2.546542
      0.1109210             2.570661
      0.1119370             2.594160
      0.1129540             2.617052
      0.1139700             2.639281
      0.1149860             2.660859
      0.1160020             2.681774
      0.1170185             2.702029
      0.1180350             2.721601
      0.1190510             2.740473
      0.1200670             2.758646
      0.1210830             2.776110
      0.1221000             2.792876
      0.1231160             2.808899
      0.1241320             2.824192
      0.1251480             2.838746
      0.1261645             2.852561
      0.1271810             2.865624
      0.1281970             2.877923
      0.1292130             2.889458
      0.1302295             2.900230
      0.1312460             2.910227
      0.1322620             2.919442
      0.1332780             2.927874
      0.1342940             2.935521
      0.1353110             2.942385
      0.1363270             2.948450
      0.1373430             2.953720
      0.1383590             2.958194
      0.1393755             2.961870
      0.1403920             2.964746
      0.1414080             2.966820
      0.1424240             2.968092
      0.1434400             2.968563
      0.1444570             2.968232
      0.1454730             2.967099
      0.1464890             2.965167
      0.1475050             2.962436
      0.1485215             2.958907
      0.1495380             2.954582
      0.1505540             2.949466
      0.1515700             2.943562
      0.1525860             2.936871
      0.1536030             2.929390
      0.1546190             2.921138
      0.1556350             2.912111
      0.1566510             2.902315
      0.1576680             2.891745
      0.1586840             2.880425
      0.1597000             2.868352
      0.1607160             2.855533
      0.1617325             2.841966
      0.1627490             2.827665
      0.1637650             2.812645
      0.1647810             2.796906
      0.1657970             2.780457
      0.1668140             2.763286
      0.1678300             2.745439
      0.1688460             2.726907
      0.1698620             2.707698
      0.1708785             2.687812
      0.1718950             2.667269
      0.1729110             2.646088
      0.1739270             2.624271
      0.1749430             2.601828
      0.1759600             2.578746
      0.1769760             2.555083
      0.1779920             2.530828
      0.1790080             2.505991
      0.1800245             2.480573
      0.1810410             2.454597
      0.1820570             2.428090
      0.1830730             2.401051
      0.1840890             2.373492
      0.1851060             2.345400
      0.1861220             2.316844
      0.1871380             2.287807
      0.1881540             2.258306
      0.1891710             2.228323
      0.1901870             2.197932
      0.1912030             2.167118
      0.1922190             2.135895
      0.1932355             2.104262
      0.1942520             2.072250
      0.1952680             2.039887
      0.1962840             2.007176
      0.1973000             1.974129
      0.1983170             1.940730
      0.1993330             1.907060
      0.2003490             1.873101
      0.2013650             1.838868
      0.2023815             1.804361
      0.2033980             1.769612
      0.2044140             1.734654
      0.2054300             1.699485
      0.2064460             1.664122
      0.2074630             1.628545
      0.2084790             1.592841
      0.2094950             1.556990
      0.2105110             1.521008
      0.2115275             1.484893
      0.2125440             1.448680
      0.2135600             1.412402
      0.2145760             1.376056
      0.2155925             1.339643
      0.2166090             1.303195
      0.2176250             1.266745
      0.2186410             1.230293
      0.2196570             1.193853
      0.2206740             1.157406
      0.2216900             1.121039
      0.2227060             1.084731
      0.2237220             1.048499
      0.2247385             1.012339
      0.2257550            0.9762865
      0.2267710            0.9403726
      0.2277870            0.9045943
      0.2288030            0.8689681
      0.2298200            0.8334723
      0.2308360            0.7981933
      0.2318520            0.7631093
      0.2328680            0.7282350
      0.2338845            0.6935681
      0.2349010            0.6591392
      0.2359170            0.6249799
      0.2369330            0.5910868
      0.2379490            0.5574724
      0.2389660            0.5241187
      0.2399820            0.4911039
      0.2409980            0.4584083
      0.2420140            0.4260443
      0.2430310            0.3939935
      0.2440470            0.3623317
      0.2450630            0.3310384
      0.2460790            0.3001261
      0.2470955            0.2695912
      0.2481120            0.2394609
      0.2491280            0.2097606
      0.2501440            0.1804863
      0.2511600            0.1516489
      0.2521770            0.1232307
      0.2531930           0.09529848
      0.2542090           0.06783289
      0.2552250           0.04084483
      0.2562415           0.01433178
      0.2572580           0.01168760
      0.2582740           0.03719005
      0.2592900           0.06218038
      0.2603060           0.08664814
      0.2613230            0.1106110
      0.2623390            0.1340134
      0.2633550            0.1568719
      0.2643710            0.1791798
      0.2653875            0.2009403
      0.2664040            0.2221362
      0.2674200            0.2427515
      0.2684360            0.2627908
      0.2694525            0.2822580
      0.2704690            0.3011375
      0.2714850            0.3194159
      0.2725010            0.3370982
      0.2735170            0.3541802
      0.2745340            0.3706730
      0.2755500            0.3865420
      0.2765660            0.4017988
      0.2775820            0.4164417
      0.2785985            0.4304736
      0.2796150            0.4438860
      0.2806310            0.4566699
      0.2816470            0.4688300
      0.2826630            0.4803658
      0.2836800            0.4912859
      0.2846960            0.5015686
      0.2857120            0.5112243
      0.2867280            0.5202522
      0.2877445            0.5286573
      0.2887610            0.5364351
      0.2897770            0.5435829
      0.2907930            0.5501055
      0.2918090            0.5560049
      0.2928260            0.5612873
      0.2938420            0.5659444
      0.2948580            0.5699839
      0.2958740            0.5734083
      0.2968910            0.5762231
      0.2979070            0.5784255
      0.2989230            0.5800226
      0.2999390            0.5810177
      0.3009555            0.5814152
      0.3019720            0.5812184
      0.3029880            0.5804322
      0.3040040            0.5790620
      0.3050200            0.5771128
      0.3060370            0.5745866
      0.3070530            0.5714945
      0.3080690            0.5678402
      0.3090850            0.5636295
      0.3101015            0.5588666
      0.3111180            0.5535597
      0.3121340            0.5477189
      0.3131500            0.5413485
      0.3141660            0.5344562
      0.3151830            0.5270416
      0.3161990            0.5191268
      0.3172150            0.5107134
      0.3182310            0.5018094
      0.3192475            0.4924175
      0.3202640            0.4825515
      0.3212800            0.4722251
      0.3222960            0.4614424
      0.3233125            0.4502069
      0.3243290            0.4385327
      0.3253450            0.4264357
      0.3263610            0.4139200
      0.3273770            0.4009950
      0.3283940            0.3876576
      0.3294100            0.3739441
      0.3304260            0.3598512
      0.3314420            0.3453896
      0.3324585            0.3305626
      0.3334750            0.3153875
      0.3344910            0.2998828
      0.3355070            0.2840523
      0.3365230            0.2679060
      0.3375400            0.2514392
      0.3385560            0.2346956
      0.3395720            0.2176695
      0.3405880            0.2003731
      0.3416045            0.1828081
      0.3426210            0.1649951
      0.3436370            0.1469541
      0.3446530            0.1286876
      0.3456690            0.1102080
      0.3466860           0.09150738
      0.3477020           0.07263539
      0.3487180           0.05358451
      0.3497340           0.03436568
      0.3507510           0.01497331
      0.3517670          0.004549725
      0.3527830           0.02419504
      0.3537990           0.04396476
      0.3548155           0.06385374
      0.3558320           0.08384033
      0.3568480            0.1039019
      0.3578640            0.1240371
      0.3588800            0.1442349
      0.3598970            0.1645026
      0.3609130            0.1847910
      0.3619290            0.2051061
      0.3629450            0.2254376
      0.3639615            0.2457845
      0.3649780            0.2661250
      0.3659940            0.2864392
      0.3670100            0.3067238
      0.3680260            0.3269690
      0.3690430            0.3471835
      0.3700590            0.3673181
      0.3710750            0.3873796
      0.3720910            0.4073588
      0.3731075            0.4272552
      0.3741240            0.4470471
      0.3751400            0.4667165
      0.3761560            0.4862614
      0.3771725            0.5056820
      0.3781890            0.5249581
      0.3792050            0.5440713
      0.3802210            0.5630221
      0.3812370            0.5817995
      0.3822540            0.6004133
      0.3832700            0.6188172
      0.3842860            0.6370209
      0.3853020            0.6550165
      0.3863185            0.6728027
      0.3873350            0.6903618
      0.3883510            0.7076780
      0.3893670            0.7247522
      0.3903830            0.7415751
      0.3914000            0.7581556
      0.3924160            0.7744536
      0.3934320            0.7904781
      0.3944480            0.8062226
      0.3954645            0.8216866
      0.3964810            0.8368549
      0.3974970            0.8517148
      0.3985130            0.8662671
      0.3995290            0.8805060
      0.4005460            0.8944381
      0.4015620            0.9080305
      0.4025780            0.9212914
      0.4035940            0.9342154
      0.4046110            0.9468102
      0.4056270            0.9590452
      0.4066430            0.9709283
      0.4076590            0.9824550
      0.4086755            0.9936270
      0.4096920             1.004434
      0.4107080             1.014866
      0.4117240             1.024927
      0.4127400             1.034611
      0.4137570             1.043926
      0.4147730             1.052849
      0.4157890             1.061388
      0.4168050             1.069539
      0.4178215             1.077304
      0.4188380             1.084678
      0.4198540             1.091653
      0.4208700             1.098233
      0.4218860             1.104417
      0.4229030             1.110207
      0.4239190             1.115593
      0.4249350             1.120579
      0.4259510             1.125164
      0.4269675             1.129350
      0.4279840             1.133134
      0.4290000             1.136516
      0.4300160             1.139497
      0.4310325             1.142078
      0.4320490             1.144260
      0.4330650             1.146041
      0.4340810             1.147425
      0.4350970             1.148413
      0.4361140             1.149005
      0.4371300             1.149204
      0.4381460             1.149012
      0.4391620             1.148430
      0.4401785             1.147460
      0.4411950             1.146106
      0.4422110             1.144370
      0.4432270             1.142255
      0.4442430             1.139764
      0.4452600             1.136897
      0.4462760             1.133664
      0.4472920             1.130064
      0.4483080             1.126102
      0.4493245             1.121779
      0.4503410             1.117101
      0.4513570             1.112075
      0.4523730             1.106704
      0.4533890             1.100991
      0.4544060             1.094935
      0.4554220             1.088553
      0.4564380             1.081844
      0.4574540             1.074813
      0.4584710             1.067457
      0.4594870             1.059798
      0.4605030             1.051833
      0.4615190             1.043567
      0.4625355             1.035002
      0.4635520             1.026148
      0.4645680             1.017015
      0.4655840             1.007606
      0.4666000            0.9979253
      0.4676170            0.9879705
      0.4686330            0.9777673
      0.4696490            0.9673123
      0.4706650            0.9566122
      0.4716815            0.9456679
      0.4726980            0.9344917
      0.4737140            0.9230953
      0.4747300            0.9114808
      0.4757460            0.8996550
      0.4767630            0.8876125
      0.4777790            0.8753843
      0.4787950            0.8629654
      0.4798110            0.8503637
      0.4808275            0.8375787
      0.4818440            0.8246254
      0.4828600            0.8115165
      0.4838760            0.7982525
      0.4848925            0.7848356
      0.4859090            0.7712778
      0.4869250            0.7575946
      0.4879410            0.7437863
      0.4889570            0.7298597
      0.4899740            0.7158093
      0.4909900            0.7016695
      0.4920060            0.6874341
      0.4930220            0.6731105
      0.4940385            0.6586986
      0.4950550            0.6442128
      0.4960710            0.6296685
      0.4970870            0.6150654
      0.4981030            0.6004105
      0.4991200            0.5856961
      0.5001360            0.5709597
      0.5011520            0.5561934
      0.5021679            0.5414060
      0.5031846            0.5265905
      0.5042010            0.5117717
      0.5052170            0.4969572
      0.5062330            0.4821480
      0.5072490            0.4673515
      0.5082660            0.4525593
      0.5092820            0.4378075
      0.5102980            0.4230889
      0.5113140            0.4084099
      0.5123310            0.3937624
      0.5133470            0.3791814
      0.5143631            0.3646586
      0.5153790            0.3502038
      0.5163955            0.3358120
      0.5174119            0.3214999
      0.5184280            0.3072754
      0.5194440            0.2931428
      0.5204600            0.2791061
      0.5214770            0.2651571
      0.5224930            0.2513293
      0.5235090            0.2376140
      0.5245250            0.2240179
      0.5255415            0.2105391
      0.5265580            0.1971890
      0.5275740            0.1839804
      0.5285900            0.1709105
      0.5296060            0.1579858
      0.5306230            0.1451975
      0.5316390            0.1325760
      0.5326550            0.1201133
      0.5336710            0.1078128
      0.5346875           0.09567445
      0.5357040           0.08370842
      0.5367200           0.07192357
      0.5377360           0.06031832
      0.5387526           0.04888967
      0.5397690           0.03765236
      0.5407850           0.02660827
      0.5418010           0.01576071
      0.5428170          0.005108816
      0.5438340          0.005347897
      0.5448500           0.01559487
      0.5458660           0.02563201
      0.5468820           0.03546125
      0.5478985           0.04508104
      0.5489150           0.05448761
      0.5499310           0.06367025
      0.5509470           0.07263333
      0.5519630           0.08137444
      0.5529799           0.08989994
      0.5539960           0.09819267
      0.5550120            0.1062563
      0.5560280            0.1140912
      0.5570445            0.1216992
      0.5580610            0.1290752
      0.5590770            0.1362145
      0.5600930            0.1431192
      0.5611090            0.1497892
      0.5621260            0.1562296
      0.5631420            0.1624269
      0.5641580            0.1683871
      0.5651740            0.1741097
      0.5661910            0.1796001
      0.5672070            0.1848467
      0.5682230            0.1898557
      0.5692390            0.1946271
      0.5702555            0.1991628
      0.5712720            0.2034608
      0.5722880            0.2075199
      0.5733040            0.2113433
      0.5743200            0.2149309
      0.5753370            0.2182872
      0.5763530            0.2214062
      0.5773690            0.2242929
      0.5783850            0.2269480
      0.5794015            0.2293744
      0.5804180            0.2315718
      0.5814340            0.2335406
      0.5824500            0.2352839
      0.5834661            0.2368037
      0.5844830            0.2381023
      0.5854990            0.2391796
      0.5865149            0.2400385
      0.5875310            0.2406817
      0.5885475            0.2411116
      0.5895640            0.2413297
      0.5905800            0.2413388
      0.5915960            0.2411412
      0.5926125            0.2407393
      0.5936290            0.2401362
      0.5946450            0.2393347
      0.5956610            0.2383376
      0.5966770            0.2371478
      0.5976940            0.2357666
      0.5987101            0.2341999
      0.5997260            0.2324500
      0.6007420            0.2305192
      0.6017585            0.2284106
      0.6027750            0.2261276
      0.6037910            0.2236754
      0.6048070            0.2210563
      0.6058230            0.2182734
      0.6068400            0.2153277
      0.6078560            0.2122286
      0.6088720            0.2089768
      0.6098880            0.2055760
      0.6109045            0.2020280
      0.6119210            0.1983383
      0.6129370            0.1945132
      0.6139530            0.1905539
      0.6149690            0.1864650
      0.6159860            0.1822460
      0.6170020            0.1779087
      0.6180180            0.1734537
      0.6190341            0.1688843
      0.6200510            0.1642005
      0.6210670            0.1594155
      0.6220829            0.1545290
      0.6230990            0.1495433
      0.6241155            0.1444621
      0.6251320            0.1392914
      0.6261480            0.1340377
      0.6271640            0.1287020
      0.6281800            0.1232895
      0.6291970            0.1177986
      0.6302130            0.1122435
      0.6312290            0.1066236
      0.6322450            0.1009431
      0.6332614           0.09520347
      0.6342781           0.08940917
      0.6352940           0.08357093
      0.6363100           0.07768720
      0.6373260           0.07176280
      0.6383430           0.06579666
      0.6393590           0.05980385
      0.6403750           0.05378197
      0.6413910           0.04773573
      0.6424075           0.04166533
      0.6434240           0.03557808
      0.6444400           0.02948050
      0.6454560           0.02337520
      0.6464725           0.01725978
      0.6474890           0.01114451
      0.6485050          0.005029911
      0.6495210          0.001095445
      0.6505370          0.007169379
      0.6515540           0.01325896
      0.6525700           0.01932615
      0.6535860           0.02537124
      0.6546021           0.03139586
      0.6556185           0.03739519
      0.6566350           0.04336473
      0.6576509           0.04929807
      0.6586670           0.05519511
      0.6596830           0.06105244
      0.6607000           0.06687152
      0.6617160           0.07264021
      0.6627320           0.07835943
      0.6637480           0.08402619
      0.6647645           0.08964151
      0.6657810           0.09519874
      0.6667970            0.1006936
      0.6678130            0.1061249
      0.6688290            0.1114908
      0.6698461            0.1167943
      0.6708620            0.1220205
      0.6718780            0.1271739
      0.6728940            0.1322524
      0.6739110            0.1372574
      0.6749270            0.1421781
      0.6759430            0.1470163
      0.6769590            0.1517705
      0.6779755            0.1564404
      0.6789920            0.1610224
      0.6800080            0.1655122
      0.6810240            0.1699100
      0.6820400            0.1742142
      0.6830570            0.1784276
      0.6840730            0.1825396
      0.6850890            0.1865537
      0.6861050            0.1904681
      0.6871215            0.1942833
      0.6881380            0.1979962
      0.6891540            0.2016036
      0.6901700            0.2051063
      0.6911860            0.2085035
      0.6922030            0.2117968
      0.6932189            0.2149793
      0.6942350            0.2180537
      0.6952510            0.2210186
      0.6962675            0.2238750
      0.6972840            0.2266206
      0.6983000            0.2292538
      0.6993160            0.2317753
