  0.0000  12.12086511
  0.0010  12.14395678
  0.0020  12.21322128
  0.0030  12.32862709
  0.0040  12.49012172
  0.0050  12.69763182
  0.0060  12.95106321
  0.0070  13.25030106
  0.0080  13.59520999
  0.0090  13.98563420
  0.0100  14.42139757
  0.0110  14.90230384
  0.0120  15.42813670
  0.0130  15.99865992
  0.0140  16.61361747
  0.0150  17.27273364
  0.0160  17.97571315
  0.0170  18.72224126
  0.0180  19.51198396
  0.0190  20.34458800
  0.0200  21.21968112
  0.0210  22.13687215
  0.0220  23.09575120
  0.0230  24.09588978
  0.0240  25.13684102
  0.0250  26.21813985
  0.0260  27.33930316
  0.0270  28.49983004
  0.0280  29.69920198
  0.0290  30.93688310
  0.0300  32.21232037
  0.0310  33.52494386
  0.0320  34.87416699
  0.0330  36.25938675
  0.0340  37.67998403
  0.0350  39.13532383
  0.0360  40.62475558
  0.0370  42.14761338
  0.0380  43.70321634
  0.0390  45.29086887
  0.0400  46.90986095
  0.0410  48.55946849
  0.0420  50.23895361
  0.0430  51.94756498
  0.0440  53.68453816
  0.0450  55.44909593
  0.0460  57.24044861
  0.0470  59.05779445
  0.0480  60.90031993
  0.0490  62.76720016
  0.0500  64.65759924
  0.0510  66.57067057
  0.0520  68.50555732
  0.0530  70.46139270
  0.0540  72.43730043
  0.0550  74.43239505
  0.0560  76.44578237
  0.0570  78.47655982
  0.0580  80.52381685
  0.0590  82.58663535
  0.0600  84.66409004
  0.0610  86.75524886
  0.0620  88.85917338
  0.0630  90.97491925
  0.0640  93.10153655
  0.0650  95.23807025
  0.0660  97.38356060
  0.0670  99.53704357
  0.0680  101.69755125
  0.0690  103.86411229
  0.0700  106.03575229
  0.0710  108.21149428
  0.0720  110.39035907
  0.0730  112.57136573
  0.0740  114.75353202
  0.0750  116.93587477
  0.0760  119.11741033
  0.0770  121.29715503
  0.0780  123.47412553
  0.0790  125.64733931
  0.0800  127.81581508
  0.0810  129.97857318
  0.0820  132.13463602
  0.0830  134.28302850
  0.0840  136.42277845
  0.0850  138.55291700
  0.0860  140.67247903
  0.0870  142.78050358
  0.0880  144.87603427
  0.0890  146.95811970
  0.0900  149.02581384
  0.0910  151.07817648
  0.0920  153.11427356
  0.0930  155.13317767
  0.0940  157.13396835
  0.0950  159.11573253
  0.0960  161.07756491
  0.0970  163.01856835
  0.0980  164.93785423
  0.0990  166.83454285
  0.1000  168.70776380
  0.1010  170.55665630
  0.1020  172.38036961
  0.1030  174.17806334
  0.1040  175.94890784
  0.1050  177.69208453
  0.1060  179.40678624
  0.1070  181.09221759
  0.1080  182.74759523
  0.1090  184.37214828
  0.1100  185.96511857
  0.1110  187.52576098
  0.1120  189.05334375
  0.1130  190.54714878
  0.1140  192.00647195
  0.1150  193.43062336
  0.1160  194.81892765
  0.1170  196.17072427
  0.1180  197.48536775
  0.1190  198.76222796
  0.1200  200.00069036
  0.1210  201.20015624
  0.1220  202.36004301
  0.1230  203.47978438
  0.1240  204.55883059
  0.1250  205.59664866
  0.1260  206.59272259
  0.1270  207.54655355
  0.1280  208.45766008
  0.1290  209.32557829
  0.1300  210.14986203
  0.1310  210.93008305
  0.1320  211.66583120
  0.1330  212.35671454
  0.1340  213.00235952
  0.1350  213.60241110
  0.1360  214.15653289
  0.1370  214.66440728
  0.1380  215.12573554
  0.1390  215.54023792
  0.1400  215.90765376
  0.1410  216.22774158
  0.1420  216.50027915
  0.1430  216.72506357
  0.1440  216.90191131
  0.1450  217.03065831
  0.1460  217.11115997
  0.1470  217.14329122
  0.1480  217.12694656
  0.1490  217.06204003
  0.1500  216.94850528
  0.1510  216.78629552
  0.1520  216.57538355
  0.1530  216.31576174
  0.1540  216.00744198
  0.1550  215.65045567
  0.1560  215.24485368
  0.1570  214.79070630
  0.1580  214.28810318
  0.1590  213.73715324
  0.1600  213.13798466
  0.1610  212.49074471
  0.1620  211.79559974
  0.1630  211.05273503
  0.1640  210.26235469
  0.1650  209.42468159
  0.1660  208.53995715
  0.1670  207.60844130
  0.1680  206.63041228
  0.1690  205.60616652
  0.1700  204.53601848
  0.1710  203.42030048
  0.1720  202.25936254
  0.1730  201.05357220
  0.1740  199.80331434
  0.1750  198.50899099
  0.1760  197.17102111
  0.1770  195.78984040
  0.1780  194.36590111
  0.1790  192.89967178
  0.1800  191.39163702
  0.1810  189.84229733
  0.1820  188.25216877
  0.1830  186.62178281
  0.1840  184.95168600
  0.1850  183.24243976
  0.1860  181.49462011
  0.1870  179.70881738
  0.1880  177.88563596
  0.1890  176.02569398
  0.1900  174.12962309
  0.1910  172.19806811
  0.1920  170.23168675
  0.1930  168.23114933
  0.1940  166.19713843
  0.1950  164.13034864
  0.1960  162.03148620
  0.1970  159.90126868
  0.1980  157.74042468
  0.1990  155.54969350
  0.2000  153.32982479
  0.2010  151.08157822
  0.2020  148.80572316
  0.2030  146.50303834
  0.2040  144.17431146
  0.2050  141.82033889
  0.2060  139.44192530
  0.2070  137.03988333
  0.2080  134.61503319
  0.2090  132.16820233
  0.2100  129.70022510
  0.2110  127.21194234
  0.2120  124.70420106
  0.2130  122.17785406
  0.2140  119.63375955
  0.2150  117.07278080
  0.2160  114.49578579
  0.2170  111.90364679
  0.2180  109.29724005
  0.2190  106.67744538
  0.2200  104.04514583
  0.2210  101.40122728
  0.2220  98.74657812
  0.2230  96.08208882
  0.2240  93.40865164
  0.2250  90.72716022
  0.2260  88.03850923
  0.2270  85.34359402
  0.2280  82.64331029
  0.2290  79.93855371
  0.2300  77.23021958
  0.2310  74.51920253
  0.2320  71.80639619
  0.2330  69.09269285
  0.2340  66.37898319
  0.2350  63.66615599
  0.2360  60.95509790
  0.2370  58.24669316
  0.2380  55.54182349
  0.2390  52.84136787
  0.2400  50.14620255
  0.2410  47.45720103
  0.2420  44.77523425
  0.2430  42.10117093
  0.2440  39.43587816
  0.2450  36.78022249
  0.2460  34.13507145
  0.2470  31.50129622
  0.2480  28.87977566
  0.2490  26.27140293
  0.2500  23.67709655
  0.2510  21.09781945
  0.2520  18.53461371
  0.2530  15.98866769
  0.2540  13.46145731
  0.2550  10.95507713
  0.2560  8.47314181
  0.2570  6.02385036
  0.2580  3.63504308
  0.2590  1.51131262
  0.2600  1.78781269
  0.2610  3.95435363
  0.2620  6.26754537
  0.2630  8.59057751
  0.2640  10.90143404
  0.2650  13.19316683
  0.2660  15.46262324
  0.2670  17.70797387
  0.2680  19.92795363
  0.2690  22.12157522
  0.2700  24.28800440
  0.2710  26.42649971
  0.2720  28.53638093
  0.2730  30.61701156
  0.2740  32.66778852
  0.2750  34.68813587
  0.2760  36.67750089
  0.2770  38.63535151
  0.2780  40.56117462
  0.2790  42.45447496
  0.2800  44.31477434
  0.2810  46.14161113
  0.2820  47.93453986
  0.2830  49.69313106
  0.2840  51.41697104
  0.2850  53.10566179
  0.2860  54.75882094
  0.2870  56.37608170
  0.2880  57.95709288
  0.2890  59.50151883
  0.2900  61.00903951
  0.2910  62.47935043
  0.2920  63.91216272
  0.2930  65.30720314
  0.2940  66.66421404
  0.2950  67.98295342
  0.2960  69.26319493
  0.2970  70.50472786
  0.2980  71.70735715
  0.2990  72.87090335
  0.3000  73.99520269
  0.3010  75.08010696
  0.3020  76.12548359
  0.3030  77.13121555
  0.3040  78.09720133
  0.3050  79.02335494
  0.3060  79.90960583
  0.3070  80.75589885
  0.3080  81.56219418
  0.3090  82.32846730
  0.3100  83.05470890
  0.3110  83.74092480
  0.3120  84.38713588
  0.3130  84.99337799
  0.3140  85.55970187
  0.3150  86.08617303
  0.3160  86.57287168
  0.3170  87.01989259
  0.3180  87.42734497
  0.3190  87.79535239
  0.3200  88.12405263
  0.3210  88.41359753
  0.3220  88.66415289
  0.3230  88.87589830
  0.3240  89.04902703
  0.3250  89.18374583
  0.3260  89.28027481
  0.3270  89.33884725
  0.3280  89.35970947
  0.3290  89.34312063
  0.3300  89.28935257
  0.3310  89.19868963
  0.3320  89.07142843
  0.3330  88.90787774
  0.3340  88.70835827
  0.3350  88.47320242
  0.3360  88.20275418
  0.3370  87.89736882
  0.3380  87.55741277
  0.3390  87.18326333
  0.3400  86.77530854
  0.3410  86.33394689
  0.3420  85.85958712
  0.3430  85.35264804
  0.3440  84.81355823
  0.3450  84.24275587
  0.3460  83.64068846
  0.3470  83.00781262
  0.3480  82.34459385
  0.3490  81.65150626
  0.3500  80.92903238
  0.3510  80.17766286
  0.3520  79.39789624
  0.3530  78.59023875
  0.3540  77.75520398
  0.3550  76.89331271
  0.3560  76.00509258
  0.3570  75.09107791
  0.3580  74.15180938
  0.3590  73.18783384
  0.3600  72.19970399
  0.3610  71.18797817
  0.3620  70.15322008
  0.3630  69.09599853
  0.3640  68.01688717
  0.3650  66.91646427
  0.3660  65.79531241
  0.3670  64.65401825
  0.3680  63.49317229
  0.3690  62.31336858
  0.3700  61.11520448
  0.3710  59.89928044
  0.3720  58.66619968
  0.3730  57.41656800
  0.3740  56.15099352
  0.3750  54.87008640
  0.3760  53.57445865
  0.3770  52.26472387
  0.3780  50.94149701
  0.3790  49.60539416
  0.3800  48.25703231
  0.3810  46.89702917
  0.3820  45.52600292
  0.3830  44.14457205
  0.3840  42.75335518
  0.3850  41.35297087
  0.3860  39.94403753
  0.3870  38.52717322
  0.3880  37.10299563
  0.3890  35.67212201
  0.3900  34.23516917
  0.3910  32.79275353
  0.3920  31.34549131
  0.3930  29.89399874
  0.3940  28.43889255
  0.3950  26.98079053
  0.3960  25.52031253
  0.3970  24.05808171
  0.3980  22.59472657
  0.3990  21.13088372
  0.4000  19.66720206
  0.4010  18.20434902
  0.4020  16.74302016
  0.4030  15.28395417
  0.4040  13.82795745
  0.4050  12.37594565
  0.4060  10.92901783
  0.4070  9.48859686
  0.4080  8.05671668
  0.4090  6.63667060
  0.4100  5.23467821
  0.4110  3.86501827
  0.4120  2.57049309
  0.4130  1.53490144
  0.4140  1.45780754
  0.4150  2.41895156
  0.4160  3.66949492
  0.4170  4.98926105
  0.4180  6.32890641
  0.4190  7.67259471
  0.4200  9.01364505
  0.4210  10.34863331
  0.4220  11.67552258
  0.4230  12.99294830
  0.4240  14.29990547
  0.4250  15.59559723
  0.4260  16.87935543
  0.4270  18.15059634
  0.4280  19.40879463
  0.4290  20.65346737
  0.4300  21.88416388
  0.4310  23.10045912
  0.4320  24.30194916
  0.4330  25.48824814
  0.4340  26.65898607
  0.4350  27.81380736
  0.4360  28.95236962
  0.4370  30.07434291
  0.4380  31.17940908
  0.4390  32.26726139
  0.4400  33.33760409
  0.4410  34.39015221
  0.4420  35.42463134
  0.4430  36.44077749
  0.4440  37.43833696
  0.4450  38.41706625
  0.4460  39.37673196
  0.4470  40.31711078
  0.4480  41.23798940
  0.4490  42.13916446
  0.4500  43.02044256
  0.4510  43.88164018
  0.4520  44.72258364
  0.4530  45.54310913
  0.4540  46.34306263
  0.4550  47.12229987
  0.4560  47.88068635
  0.4570  48.61809725
  0.4580  49.33441745
  0.4590  50.02954144
  0.4600  50.70337332
  0.4610  51.35582674
  0.4620  51.98682485
  0.4630  52.59630028
  0.4640  53.18419506
  0.4650  53.75046059
  0.4660  54.29505757
  0.4670  54.81795594
  0.4680  55.31913483
  0.4690  55.79858249
  0.4700  56.25629621
  0.4710  56.69228229
  0.4720  57.10655590
  0.4730  57.49914107
  0.4740  57.87007056
  0.4750  58.21938581
  0.4760  58.54713684
  0.4770  58.85338215
  0.4780  59.13818867
  0.4790  59.40163162
  0.4800  59.64379443
  0.4810  59.86476864
  0.4820  60.06465382
  0.4830  60.24355742
  0.4840  60.40159470
  0.4850  60.53888861
  0.4860  60.65556968
  0.4870  60.75177589
  0.4880  60.82765256
  0.4890  60.88335225
  0.4900  60.91903461
  0.4910  60.93486628
  0.4920  60.93102075
  0.4930  60.90767825
  0.4940  60.86502557
  0.4950  60.80325601
  0.4960  60.72256918
  0.4970  60.62317088
  0.4980  60.50527298
  0.4990  60.36909328
  0.5000  60.21485535
  0.5010  60.04278840
  0.5020  59.85312714
  0.5030  59.64611165
  0.5040  59.42198718
  0.5050  59.18100408
  0.5060  58.92341759
  0.5070  58.64948772
  0.5080  58.35947910
  0.5090  58.05366082
  0.5100  57.73230626
  0.5110  57.39569300
  0.5120  57.04410259
  0.5130  56.67782045
  0.5140  56.29713568
  0.5150  55.90234095
  0.5160  55.49373229
  0.5170  55.07160896
  0.5180  54.63627331
  0.5190  54.18803060
  0.5200  53.72718885
  0.5210  53.25405867
  0.5220  52.76895315
  0.5230  52.27218764
  0.5240  51.76407962
  0.5250  51.24494859
  0.5260  50.71511581
  0.5270  50.17490425
  0.5280  49.62463838
  0.5290  49.06464401
  0.5300  48.49524816
  0.5310  47.91677889
  0.5320  47.32956517
  0.5330  46.73393668
  0.5340  46.13022372
  0.5350  45.51875700
  0.5360  44.89986753
  0.5370  44.27388647
  0.5380  43.64114494
  0.5390  43.00197393
  0.5400  42.35670413
  0.5410  41.70566576
  0.5420  41.04918848
  0.5430  40.38760120
  0.5440  39.72123196
  0.5450  39.05040781
  0.5460  38.37545464
  0.5470  37.69669707
  0.5480  37.01445829
  0.5490  36.32905997
  0.5500  35.64082208
  0.5510  34.95006282
  0.5520  34.25709844
  0.5530  33.56224315
  0.5540  32.86580899
  0.5550  32.16810571
  0.5560  31.46944066
  0.5570  30.77011868
  0.5580  30.07044198
  0.5590  29.37071002
  0.5600  28.67121945
  0.5610  27.97226396
  0.5620  27.27413423
  0.5630  26.57711777
  0.5640  25.88149891
  0.5650  25.18755867
  0.5660  24.49557465
  0.5670  23.80582104
  0.5680  23.11856847
  0.5690  22.43408397
  0.5700  21.75263093
  0.5710  21.07446905
  0.5720  20.39985427
  0.5730  19.72903875
  0.5740  19.06227088
  0.5750  18.39979523
  0.5760  17.74185259
  0.5770  17.08867999
  0.5780  16.44051073
  0.5790  15.79757448
  0.5800  15.16009739
  0.5810  14.52830222
  0.5820  13.90240852
  0.5830  13.28263296
  0.5840  12.66918958
  0.5850  12.06229031
  0.5860  11.46214547
  0.5870  10.86896457
  0.5880  10.28295728
  0.5890  9.70433469
  0.5900  9.13331105
  0.5910  8.57010606
  0.5920  8.01494804
  0.5930  7.46807825
  0.5940  6.92975699
  0.5950  6.40027239
  0.5960  5.87995313
  0.5970  5.36918767
  0.5980  4.86845372
  0.5990  4.37836509
  0.6000  3.89974886
  0.6010  3.43377735
  0.6020  2.98220475
  0.6030  2.54781282
  0.6040  2.13529533
  0.6050  1.75309123
  0.6060  1.41718963
  0.6070  1.15781611
  0.6080  1.02258107
  0.6090  1.04886669
  0.6100  1.21675757
  0.6110  1.47097621
  0.6120  1.76841399
  0.6130  2.08538141
  0.6140  2.40968100
  0.6150  2.73481404
  0.6160  3.05711075
  0.6170  3.37437570
  0.6180  3.68522709
  0.6190  3.98875733
  0.6200  4.28434914
  0.6210  4.57157100
  0.6220  4.85011491
  0.6230  5.11975802
  0.6240  5.38033813
  0.6250  5.63173754
  0.6260  5.87387210
  0.6270  6.10668369
  0.6280  6.33013482
  0.6290  6.54420483
  0.6300  6.74888701
  0.6310  6.94418645
  0.6320  7.13011849
  0.6330  7.30670738
  0.6340  7.47398540
  0.6350  7.63199200
  0.6360  7.78077319
  0.6370  7.92038105
  0.6380  8.05087327
  0.6390  8.17231278
  0.6400  8.28476749
  0.6410  8.38830995
  0.6420  8.48301717
  0.6430  8.56897039
  0.6440  8.64625487
  0.6450  8.71495974
  0.6460  8.77517784
  0.6470  8.82700555
  0.6480  8.87054267
  0.6490  8.90589226
  0.6500  8.93316057
  0.6510  8.95245682
  0.6520  8.96389320
  0.6530  8.96758464
  0.6540  8.96364880
  0.6550  8.95220588
  0.6560  8.93337856
  0.6570  8.90729187
  0.6580  8.87407311
  0.6590  8.83385172
  0.6600  8.78675919
  0.6610  8.73292898
  0.6620  8.67249637
  0.6630  8.60559842
  0.6640  8.53237384
  0.6650  8.45296288
  0.6660  8.36750728
  0.6670  8.27615012
  0.6680  8.17903576
  0.6690  8.07630976
  0.6700  7.96811873
  0.6710  7.85461029
  0.6720  7.73593296
  0.6730  7.61223607
  0.6740  7.48366967
  0.6750  7.35038444
  0.6760  7.21253160
  0.6770  7.07026283
  0.6780  6.92373017
  0.6790  6.77308597
  0.6800  6.61848274
  0.6810  6.46007315
  0.6820  6.29800987
  0.6830  6.13244555
  0.6840  5.96353270
  0.6850  5.79142365
  0.6860  5.61627043
  0.6870  5.43822473
  0.6880  5.25743783
  0.6890  5.07406051
  0.6900  4.88824299
  0.6910  4.70013488
  0.6920  4.50988511
  0.6930  4.31764188
  0.6940  4.12355260
  0.6950  3.92776389
  0.6960  3.73042150
  0.6970  3.53167034
  0.6980  3.33165445
  0.6990  3.13051707
  0.7000  2.92840071
  0.7010  2.72544726
  0.7020  2.52179828
  0.7030  2.31759539
  0.7040  2.11298092
  0.7050  1.90809908
  0.7060  1.70309792
  0.7070  1.49813303
  0.7080  1.29337469
  0.7090  1.08902303
  0.7100  0.88534411
  0.7110  0.68276938
  0.7120  0.48224134
  0.7130  0.28697133
  0.7140  0.12141460
  0.7150  0.16946673
  0.7160  0.35085867
  0.7170  0.54454998
  0.7180  0.73993021
  0.7190  0.93504454
  0.7200  1.12922016
  0.7210  1.32212357
  0.7220  1.51354335
  0.7230  1.70332162
  0.7240  1.89132772
  0.7250  2.07744661
  0.7260  2.26157318
  0.7270  2.44360930
  0.7280  2.62346215
  0.7290  2.80104321
  0.7300  2.97626768
  0.7310  3.14905407
  0.7320  3.31932399
  0.7330  3.48700196
  0.7340  3.65201527
  0.7350  3.81429395
  0.7360  3.97377068
  0.7370  4.13038075
  0.7380  4.28406202
  0.7390  4.43475492
  0.7400  4.58240241
  0.7410  4.72694998
  0.7420  4.86834560
  0.7430  5.00653976
  0.7440  5.14148540
  0.7450  5.27313793
  0.7460  5.40145523
  0.7470  5.52639759
  0.7480  5.64792775
  0.7490  5.76601083
  0.7500  5.88061439
  0.7510  5.99170832
  0.7520  6.09926492
  0.7530  6.20325880
  0.7540  6.30366691
  0.7550  6.40046852
  0.7560  6.49364518
  0.7570  6.58318072
  0.7580  6.66906119
  0.7590  6.75127490
  0.7600  6.82981235
  0.7610  6.90466621
  0.7620  6.97583132
  0.7630  7.04330463
  0.7640  7.10708521
  0.7650  7.16717420
  0.7660  7.22357479
  0.7670  7.27629219
  0.7680  7.32533360
  0.7690  7.37070817
  0.7700  7.41242701
  0.7710  7.45050311
  0.7720  7.48495133
  0.7730  7.51578839
  0.7740  7.54303278
  0.7750  7.56670480
  0.7760  7.58682647
  0.7770  7.60342152
  0.7780  7.61651534
  0.7790  7.62613499
  0.7800  7.63230911
  0.7810  7.63506791
  0.7820  7.63444313
  0.7830  7.63046802
  0.7840  7.62317729
  0.7850  7.61260706
  0.7860  7.59879486
  0.7870  7.58177955
  0.7880  7.56160132
  0.7890  7.53830164
  0.7900  7.51192322
  0.7910  7.48250997
  0.7920  7.45010697
  0.7930  7.41476044
  0.7940  7.37651767
  0.7950  7.33542704
  0.7960  7.29153793
  0.7970  7.24490069
  0.7980  7.19556665
  0.7990  7.14358801
  0.8000  7.08901786
  0.8010  7.03191013
  0.8020  6.97231955
  0.8030  6.91030159
  0.8040  6.84591247
  0.8050  6.77920908
  0.8060  6.71024898
  0.8070  6.63909034
  0.8080  6.56579192
  0.8090  6.49041301
  0.8100  6.41301345
  0.8110  6.33365352
  0.8120  6.25239396
  0.8130  6.16929594
  0.8140  6.08442099
  0.8150  5.99783099
  0.8160  5.90958814
  0.8170  5.81975492
  0.8180  5.72839406
  0.8190  5.63556853
  0.8200  5.54134147
  0.8210  5.44577620
  0.8220  5.34893617
  0.8230  5.25088494
  0.8240  5.15168616
  0.8250  5.05140354
  0.8260  4.95010080
  0.8270  4.84784171
  0.8280  4.74469000
  0.8290  4.64070938
  0.8300  4.53596353
  0.8310  4.43051605
  0.8320  4.32443047
  0.8330  4.21777023
  0.8340  4.11059868
  0.8350  4.00297906
  0.8360  3.89497452
  0.8370  3.78664812
  0.8380  3.67806283
  0.8390  3.56928153
  0.8400  3.46036708
  0.8410  3.35138231
  0.8420  3.24239007
  0.8430  3.13345332
  0.8440  3.02463515
  0.8450  2.91599892
  0.8460  2.80760834
  0.8470  2.69952763
  0.8480  2.59182172
  0.8490  2.48455645
  0.8500  2.37779887
  0.8510  2.27161763
  0.8520  2.16608343
  0.8530  2.06126961
  0.8540  1.95725295
  0.8550  1.85411464
  0.8560  1.75194161
  0.8570  1.65082826
  0.8580  1.55087877
  0.8590  1.45221022
  0.8600  1.35495687
  0.8610  1.25927611
  0.8620  1.16535672
  0.8630  1.07343073
  0.8640  0.98379045
  0.8650  0.89681327
  0.8660  0.81299790
  0.8670  0.73301744
  0.8680  0.65779506
  0.8690  0.58860617
  0.8700  0.52719659
  0.8710  0.47586448
  0.8720  0.43736650
  0.8730  0.41442704
  0.8740  0.40878121
  0.8750  0.42025030
  0.8760  0.44668777
  0.8770  0.48488130
  0.8780  0.53159564
  0.8790  0.58414282
  0.8800  0.64049651
  0.8810  0.69919390
  0.8820  0.75919230
  0.8830  0.81974558
  0.8840  0.88031310
  0.8850  0.94049662
  0.8860  0.99999743
  0.8870  1.05858741
  0.8880  1.11608924
  0.8890  1.17236282
  0.8900  1.22729579
  0.8910  1.28079675
  0.8920  1.33279051
  0.8930  1.38321451
  0.8940  1.43201626
  0.8950  1.47915137
  0.8960  1.52458215
  0.8970  1.56827639
  0.8980  1.61020658
  0.8990  1.65034919
  0.9000  1.68868415
  0.9010  1.72519441
  0.9020  1.75986562
  0.9030  1.79268582
  0.9040  1.82364526
  0.9050  1.85273617
  0.9060  1.87995263
  0.9070  1.90529044
  0.9080  1.92874698
  0.9090  1.95032118
  0.9100  1.97001336
  0.9110  1.98782521
  0.9120  2.00375974
  0.9130  2.01782117
  0.9140  2.03001494
  0.9150  2.04034765
  0.9160  2.04882698
  0.9170  2.05546173
  0.9180  2.06026172
  0.9190  2.06323779
  0.9200  2.06440176
  0.9210  2.06376643
  0.9220  2.06134552
  0.9230  2.05715364
  0.9240  2.05120632
  0.9250  2.04351993
  0.9260  2.03411167
  0.9270  2.02299959
  0.9280  2.01020251
  0.9290  1.99574001
  0.9300  1.97963247
  0.9310  1.96190097
  0.9320  1.94256729
  0.9330  1.92165394
  0.9340  1.89918408
  0.9350  1.87518153
  0.9360  1.84967072
  0.9370  1.82267673
  0.9380  1.79422520
  0.9390  1.76434236
  0.9400  1.73305501
  0.9410  1.70039044
  0.9420  1.66637650
  0.9430  1.63104153
  0.9440  1.59441433
  0.9450  1.55652419
  0.9460  1.51740084
  0.9470  1.47707441
  0.9480  1.43557550
  0.9490  1.39293508
  0.9500  1.34918451
  0.9510  1.30435555
  0.9520  1.25848033
  0.9530  1.21159134
  0.9540  1.16372149
  0.9550  1.11490405
  0.9560  1.06517270
  0.9570  1.01456160
  0.9580  0.96310539
  0.9590  0.91083933
  0.9600  0.85779938
  0.9610  0.80402244
  0.9620  0.74954663
  0.9630  0.69441172
  0.9640  0.63865990
  0.9650  0.58233689
  0.9660  0.52549397
  0.9670  0.46819136
  0.9680  0.41050473
  0.9690  0.35253811
  0.9700  0.29445222
  0.9710  0.23653462
  0.9720  0.17940295
  0.9730  0.12474080
  0.9740  0.07877708
  0.9750  0.06511134
  0.9760  0.09880921
  0.9770  0.15120760
  0.9780  0.20883499
  0.9790  0.26844719
  0.9800  0.32902818
  0.9810  0.39015887
  0.9820  0.45162686
  0.9830  0.51330577
  0.9840  0.57511013
  0.9850  0.63697597
  0.9860  0.69885156
  0.9870  0.76069266
  0.9880  0.82245988
  0.9890  0.88411707
  0.9900  0.94563048
  0.9910  1.00696813
  0.9920  1.06809942
  0.9930  1.12899490
  0.9940  1.18962608
  0.9950  1.24996534
  0.9960  1.30998582
  0.9970  1.36966138
  0.9980  1.42896655
  0.9990  1.48787649
